service_id,is_recurrent,service_name,common_name,action_name,service_link,department_id,department_name,is_new,service_type,is_active,is_paid_service,service_desc,how_to_apply,eligibility_criteria,required_doc,min_age,max_age,is_sc,is_st,is_obc_a,is_obc_b,is_female,is_minority,is_recurrent
1,1,Search - Application Status of Kanyasree Prakalpa,Kanyashree Prakalpa,Search - Application Status of Kanyasree Prakalpa,https://wbkanyashree.gov.in/kp_track_status.php,39,Women & Child Development and Social Welfare Department,0,F,1,FALSE,It is a conditional cash transfer scheme with the aim of improving the status and well-being of the girl child. ,"Collect the application form from the institution you are studying in, open a bank account in your name (if not already), fill up the application form, submit the necessary documents, and collect the acknowledgment receipt.  ","All girl residents of West Bengal enrolled and regularly attending an educational institution; They must be unmarried from families whose total income is not more than Rs. 1,20,000 annually. "," Birth certificate, a statement declaring that you are unmarried, income statement.",3,21,0,0,0,0,1,0,1
2,0,Application for Aikyasree Scholarship,Scholarship,Apply - Aikyasree Scholarship Application,https://serv2.wbmdfcscholarship.org/user/institute_login,24,Minority Affairs & Madrasah Education Department,0,F,1,FALSE,"Aikyashree is a scholarship programme under WBMDFC (West Bengal Minority Development and Finance Corporation), which is intended to support deserving students (at both school and college level) of West Bengal. Aikyashree Scholarship programme is operated by the Government of West Bengal and its subsidiary boards, who provide financial assistance to exemplary, worthy and impoverished students of the state to help them continue their higher studies.","Visit the WBMDFC Aikyashree Scholarship website, wbmdfcscholarship.org and New Registration or Student Registration button available on the website. Then fill the Student Registration form by providing your Name, District, Guardians Name, DOB, Mobile Number, Email and Bank Account Number.",Applicant must be a domicile of West Bengal. Must be studying in a School/ Institution recognized by an educational Board/ Council/ University of the State/ Central Government. Must have secured not less than 50% marks or equivalent grade in the previous final examination.,"Community Certificate (Attested by self if over 18, parent/guardian if under 18). The final examination certificate (self-attested). Aadhar card or a bank passbook are also acceptable forms of identification. Proof of Residence or Domicile.",3,35,0,0,0,0,0,0,0
4,1,Application for Income Certificates,eDistrict,Apply - Income Certificates,/edist/income-cert,26,Home & Hill Affairs Department,0,F,1,FALSE,Income certificate is an essential legal document which serves as a proof of an individual annual income earned from all sources.,"Online, via edistrict.wb.gov.in",Any individual who is employed and a resident of West Bengal state is eligible to apply for an income certificate in West Bengal.,"1.Residential Proof: Residential Certificate issued by S.D.O/Aadhar card/Passport/Driving Licence/Ration Card/Government identity card/Defense identity card/PAN Card. 2.Income Proof: Salary certificate, Income proof from Gram Pradhan/Municipality Councilor, income tax return acknowledgement. 3.Photograph: Applicant passport size photograph.",18,200,0,0,0,0,0,0,1
6,1,Caste Certificate,Backward Class Services,Apply - Caste Certificate,https://castcertificatewb.gov.in/application,4,Backward Classes Welfare Department,0,F,1,FALSE,The BCW Department issues the caste certificate to provide the benefit of reservation to the citizen of WB.,,"The criteria for application are updated by the department from time to time, therefore, it is recommended to visit the official website of the department for detail."," Some standard documents like photo identity, address proof, and other names and addresses of the two referees are required. For more detail, visit the official website.",0,200,0,0,0,0,0,0,1
10,0,Apply - Online Application for WBPRB,Recruitment ,Apply - Online Application for WBPRB,http://wbpolice.gov.in/wbp/common/WBP_RecruitmentNew.aspx,15,Home & Hill Affairs Department,0,P,1,TRUE,To provide a platform where citizens of West Bengal can apply for West Bengal Police Service,Online via wbprb.applythrunet.co.in,Any individual above 18 years of age who is a resident of West Bengal,a. Age proof b. Marksheets c. Address proof d. Photograph,18,40,0,0,0,0,0,0,0
11,0,Online Application for WBMSC,,,http://mscwbonline.applythrunet.co.in/,35,Urban Development and Municipal Affairs Department,0,F,0,FALSE,,,,,0,200,0,0,0,0,0,0,0
13,0,Different Taxes of Gram Panchayats,,,http://gpms.wbprd.gov.in/taxstatus/citizentax.php ,25,Panchayats & Rural Development Department,0,F,0,FALSE,,,,,0,200,0,0,0,0,0,0,0
14,0,Municipality Tax Payments,,,https://holdingtax.co.in/,35,Urban Development and Municipal Affairs Department,0,F,0,FALSE,,,,,0,200,0,0,0,0,0,0,0
16,0,Trade registration under Gram Panchayats,,,http://gpms.wbprd.gov.in/taxstatus/citizentax.php ,25,Panchayats & Rural Development Department,0,F,0,FALSE,,,,,0,200,0,0,0,0,0,0,0
17,0,Apply - Passport Applications,Passport,Apply - Passport Applications,https://portal2.passportindia.gov.in/AppOnlineProject/welcomeLink#,15,Home & Hill Affairs Department,0,P,1,TRUE,To provide passport to Indian citizens,Online via portal2.passportindia.gov.in,Any individual of Indian nationality,i. Address proof ii. Date of birth proof iii. Last qualification,0,200,0,0,0,0,0,0,0
20,0,Know your property,,,https://holdingtax.co.in/shared/knowurprop/index,35,Urban Development and Municipal Affairs Department,0,F,0,FALSE,,,,,0,200,0,0,0,0,0,0,0
22,0,Apply - Land Revenue (Khajna),Property,Apply - Land Revenue (Khajna),https://banglarbhumi.gov.in/BanglarBhumi/Home.action,20,Land & Land Reforms and Refugee Relief & Rehabilitation,0,P,1,TRUE,"To enable citizens to pay land revenue (Khazna )
online on the basis of self declaration and last paid revenue receipt
","First, the Raiyat has to
submit an online application for Land Revenue (Khazna) in Citizen Services menu of
banglarbhumi and submit revenue deposition details of his/her family . Then fees
will be calculated and an application can be generated, downloaded and printed. Then
online fees can be paid through GRIPS . 
","Recorded & unrecorded raiyat
of West Bengal.
","Last paid revenue (khazna) receipt (scanned copy
as pdf) , Record of Rights (Khatian) in case of recorded raiyat and registered deed in
case of unrecorded raiyat. 
",18,200,0,0,0,0,0,0,0
23,0,SEBA,,,http://220.225.90.38/,25,Panchayats & Rural Development Department,0,F,0,FALSE,,,,,0,200,0,0,0,0,0,0,0
63,0,Apply - Bangla Shasya Bima,Bangla Shasya Bima,Apply - Bangla Shasya Bima,https://banglashasyabima.net/,2,Agriculture Department,0,F,1,FALSE,"""The Shashya Bima Registration & Data upload aims to facilitate enrolment of farmers under BSB
scheme and modification of uploaded data/information.""
","Farmers cultivating notified crops in the notified area will apply through a specified format supplied by the IA or through BSB app with the help of personnel of Insurance Company which is the Implementing Agency (IA) for the scheme.
","""1.  All farmers cultivating notified crops in the notified area
2. Enrolment should be completed as per notified seasonality discipline""
","""1. Copy of current EPIC
2.  land possession document like Khatian/Porcha/Patta/Deed for land owners
3.  land possession certificate to be issued by GP Pradhan for non-owner cultivator
4. Sowing certificate issued by Assistant Director of Agriculture and proof of bank account.""
",18,200,0,0,0,0,0,0,0
104,1,"Firms, Societies and Non- Trading Corporations-Duplicate certificate",,,https://www.latestlaws.com/bare-acts/state-acts-rules/west-bengal-state-laws/west-bengal-societies-registration-act-1961/west-bengal-societies-registration-rules-1963/,7,Co-operation Department,0,F,0,FALSE,,,,,0,200,0,0,0,0,0,0,1
64,1,Search - Bangla Shasya Bima,Bangla Shasya Bima,Search - Bangla Shasya Bima,https://banglashasyabima.net/farmer_corner,2,Agriculture Department,0,I,1,FALSE,This service provides proof of crop insurance and facilitate institutional finance from banks/PACS to farmers cultivating notified crops in the notified area,It is a proof of insurance coverage of notified crops in the notified area,Enrolment of farmers under the BSB Scheme with necessary documents,Valid EPIC,18,200,0,0,0,0,0,0,1
65,0,Krishi Sinchayee Scheme,Agriculture Services,Apply - Krishi Sinchayee Scheme,http://matirkatha.net/,2,Agriculture Department,0,F,0,FALSE,"The main objective of the scheme is to enhance the physical access of water on the farm and exoand cultivable area under assured irrigation.
    ",Farmer who want to get benefit under the KSY scheme and want to produce many crops without wasting water resources then they can follow some easy step to complete Krishi Sinchayee Yojana Registration.,Farmers who have been cultivating the land under the Lease Agreement for the last seven years will also be able to take advantage of the Krishi Irrigation Scheme.,"Aadhar card, Voter ID, Bank passbook, Passport size photograph",18,200,0,0,0,0,0,0,0
66,0,Kisan Credit Card,Agriculture Services,Apply - Kisan Credit Card,http://matirkatha.net/,2,Agriculture Department,0,F,0,FALSE,The scheme provides farmers timely access to credit for cultivation of crops.,"(1) KCC proposals may be sponsored to banks by the Agriculture Department, (2) Farmer on his own may approach banks and PACS for availing KCC, (3) Banks and PACS on their own may scout KCC proposal from prospective farmers","Any farmer (owner of the land, a sharecropper or a tenant farmer)","KYC documents and documents related to area of cultivated land/sowing certificate. For tenant farmers and sharecroppers, a certificate of cultivated area issued by the Gram Panchayat Pradhan is required.",18,200,0,0,0,0,0,0,0
67,0,Farmer pensioner Ex-Gratia,Farmer Pension,Apply - Ex-Gratia for Farmer Pension,http://matirkatha.net/,2,Agriculture Department,0,F,0,FALSE,It aims to provide social security to farmer family,"In the case of widow/s of a deceased pensioner, application for pension may be submitted by her/themon her/their behalf to the concerned Sub-Divisional Agricultural Officer [now Assistant Director of Agriculture (Admn)] on plain paper, immediately after her/their husband’s death, giving full particulars of the deceased pensioner, e.g., name, father’s name, pension case no., the approximate date of last receipt of pension, date of death, as well as relevant particulars of the widow/widows, e.g., name, age, address, date of marriage with the deceased pensioner, particulars of relation, etc., duly certified by the Pradhan of the concerned Gram Panchayet.",No age bar/no education bar/no source of income for her livelihood,"Death certificate of the deceased pensioner, Legal certificate of marriage with deceased pensioner, from Pradhan of the local GP or BDO, Non-pension/other assistance certificate from BDO, Residential certificate from Pradhan",0,200,0,0,0,0,0,0,0
68,0,Farmer pensioner legal heir,Farmer Pension,Allpy - Legal Heir for Farmer Pension,http://matirkatha.net/,2,Agriculture Department,0,F,0,FALSE,It enables changing the name of legal heirs of pensioner,,,Relevant documents in support of legal heirs of the pensioner,0,200,0,0,0,0,0,0,0
69,0,Apply - Krishak Bandhu Scheme,Krishak Bandhu Scheme,Apply - Krishak Bandhu Scheme,https://api.krishakbandhu.net/kb_forms/new,2,Agriculture Department,0,I,1,FALSE,"The Krishak Bandhu Scheme caters to the farming community by means of assured continuous income and insurance coverage. The Krishak Bandhu Assured Income Scheme seeks to provide the farmers with a financial assistance of Rs. 10,000 per year (5,000 per acre in two instalments). Moreover, a one-time grant of Rs. 2 lakhs would be provided to the dependents of the farmers under the Krishak Bandhu Death Benefit Scheme (for which the farmers need not pay any premiums).","The application process may be initiated by visiting the Agricultural Department of the West-Bengal. In the home page of the website, the ‘Krishak Bandhu’ tab must be opted. The user may now click on the ‘Sign In’ option. By clicking on the link suggested in the following page, the screen login window will be displayed on the screen. Now, the signup option must be clicked on, after which the user will be directed to the online registration form. The form may be submitted after specifying the required details. The application form must be supported with the attachment of the essential documents. The registration would be complete after the applicant submits the form. The username and password will be sent to the candidates, through which they can log in to the scheme and access its features.","In the event of the death of any farmer or a recorded Bhagchasi (Share Cropper) in the age group of 18 – 60 years, the legal heir of the deceased will be eligible to get a one-time grant of Rs. 2,00,000/- (Rupees two lakhs only)","Copy of identity proof, copy of residential proof, copy of age proof, Registration certificate of the agricultural laborers, Proof of bank account.",18,60,0,0,0,0,0,0,0
70,0,New agricultural subsidy,Agriculture Services,New Agricultural Subsidy,http://matirkatha.net/,2,Agriculture Department,0,I,0,FALSE,"This service is related to promotion Custom Hiring Centres of farm machinery by rural entrepreneurs, with the aim of increasing farm power by encouraging usage of farm machinery by small and marginal farmers, who would otherwise be deprived of this aid because of the prohibitive cost of owning such assets.",Only online application will be received after publication regarding the same in state-level daily newspapers as well as on www.matirkatha.net portal of the Government of West Bengal. Print copy of online application with requisite documents will be submitted to the district office within a stipulated date.,"Individuals, group of individuals, PACS, Joint Liability Groups (JLG) with bank accounts, SHGs, SHG Clusters and Federations, Proprietorship Firms, Partnership Firms, Co-operative Societies, Farmer’s Clubs, FPOs, Krishak Sangha, FIGs and Private/Public Ltd. Companies that have not availed any benefit for setting up CHC in the last four years. The applicant should have sufficient land under his possession (own land/leased/hired) for setting up the CHC. The land in question must belong to commercial or bastu category, no land belonging to agriculture category would be allowed for consideration.","Proof of citizenship, photo, detailed project report, quotation of machinery, proof of financial solvency (self-authenticated photocopy of updated bank passbook, etc.), title deed/lease certificate/rent receipt of land.",0,200,0,0,0,0,0,0,0
71,1,Soil Health Card,Agriculture Services,Soil Health Card,http://matirkatha.net/,2,Agriculture Department,0,F,0,FALSE,"It is a printed report handed to the farmer, indicating the soil nutrient status of his/her holding and provide recommendations on the dosage of fertilizers.",Any farmer may submit soil sample of the plot for which he wants soil testing to be done to the concerned Soil Testing Lab (STL) or Assistant Director of Agriculture (ADA) of the Block,Any farmer,Valid EPIC,0,200,0,0,0,0,0,0,1
72,0,Cultivation Info,Agriculture Services,Cultivation Info,http://matirkatha.net/,2,Agriculture Department,0,I,0,FALSE,"It provides information on cultivation practices,Q and A on pests and diseases, weather forecast etc","In offline mode, farmers visit the block level office of the Assistant D.A. with live sample of pest and/or disease affected plant/plant parts to get the remedies. Assistant D.A. at block will provide the desired information or way out. Registered farmers can also access some information on www.matirkatha.net",,,18,200,0,0,0,0,0,0,0
73,0,Apply - Fertilizer License Application,Fertilizer License,Apply - Fertilizer License Application,https://agriinput.matirkatha.net/bsk/bsk_farmers,2,Agriculture Department,0,P,1,TRUE,Issuing Letter of Authorisation (LOA) for running fertiliser business (wholesale/retail) within the State of West Benga,Application to be done through Matir Katha portal,Education: Retail Business—B.Sc. Ag./DAESI/B.Sc. in Chemistry/15 day’s certificate course from Government recommended agencies,"PAN Card of applicant/company, document certifying the possession of Sale Point and Store Point, Certificate of Educational Qualification, Fertiliser Source Certificate (Form O). Fee for LOA to be submitted through GRIPS and receipt to be submitted. Current trade licence. No Objection Certificate/Contract Deed from owner in case of hired Sale Point/Storage Point. Aadhaar Card is mandatory for retailers. Details may be seen on Matir Katha portal",18,65,0,0,0,0,0,0,0
74,1,Fertilizer license renewal/modification,Fertilizer License,Apply - Fertilizer License,https://agriinput.matirkatha.net/bsk/bsk_farmers,2,Agriculture Department,0,P,1,TRUE,Renewing/amending Letter of Authorisation (LOA) for running fertiliser business (wholesale/retail) within the State of West Bengal,Application to be done through Matir Katha portal (www.matir katha.net),Must have a valid fertiliser licence,"PAN Card of applicant/company, document certifying the possession of Sale Point and Store Point, Certificate of Educational Qualification, Fertiliser Source Certificate (Form O). Fee for LOA to be submitted through GRIPS and receipt to be submitted. Current trade licence. No Objection Certificate/Contract Deed from owner in case of hired Sale Point/Storage Point. Aadhaar Card is mandatory for retailers. Details may be seen on Matir Katha portal.",18,200,0,0,0,0,0,0,1
75,0,Apply - Seed License,Seed License,Apply - Seed License,https://agriinput.matirkatha.net/bsk/bsk_farmers,2,Agriculture Department,0,P,1,TRUE,To ensure quality seeds are sold to the farming community of the state,Online application with all documents as per Seed Act. Detailed information available on website www.matirkatha.net under “Seed Licensing System Online”,"Every person desiring to obtain a licence for selling, exporting or importing seeds shall make online application with requisite fee of Rs. 1000/- to the licensing authority",,18,200,0,0,0,0,0,0,0
76,1,Renewal - Seed License,Seed License,Renewal - Seed License,https://agriinput.matirkatha.net/bsk/bsk_farmers,2,Agriculture Department,0,P,1,TRUE,To ensure quality seeds are sold to the farming community of the state,Online application with all documents as per Seed Act. Detailed information available on website www.matirkatha.Gov.in under Seed Licensing System Online,"Every holder of seed licence desiring to renew the licence shall, before the date of expiry of licence, make online application with requisite fee of Rs. 500/- to the licensing authority",,18,200,0,0,0,0,0,0,1
77,0,Modify - Seed License,Seed License,Modify - Seed License,https://agriinput.matirkatha.net/bsk/bsk_farmers,2,Agriculture Department,0,P,1,TRUE,To ensure quality seeds are sold to the farming community of the state,Online application with all documents as per Seed Act. Detailed information available on website www.matirkatha.net under Seed Licensing System Online,"Every holder of seed licence desiring to modify the licence shall, before the date of expiry of licence, make online application with requisite fee of Rs. 20/- to the licensing authority.",,18,200,0,0,0,0,0,0,0
78,1,Renew Insecticide License,Insecticide License,Renewal - Insecticide License,https://agriinput.matirkatha.net/bsk/bsk_farmers,2,Agriculture Department,0,P,1,TRUE,Ease of doing business,Online licensing under www.matirkatha.net,"Insecticide licence for sale, stock, exhibit for sale or distribution of insecticides —Graduate in Agricultural Sciences, Biochemistry, Biotechnology, Life Sciences or in Science with Chemistry/Zoology/Botany or one-year diploma course in Agriculture/Horticulture, having course content on plant protection. B. Insecticide licence for undertaking pest control operation—Graduate in Agriculture or in Science with Chemistry as a subject, with a certificate course of minimum 15 days training from any of the three institutions, NIPHM,Hyderabad/CFTRI, Mysore/Indian Grain Storage Institute, Hapur","i. **PAN Card, ii. **Passport size photo, iii. **Self Qualification Certificate or Other’s Qualification Certificate with consent/appointment letter, iv. **Trade Licence, v. **Property Tax Receipt of municipality/Khajna dakhila of BL&LRO, vi. **Porcha/Deed, vii. Rent/Lease Agreement Deed, viii. NOC Certificate (if applicable), ix. Partnership Deed(in case of partnership firm), x. CIN (in case of company), xi. List of Board of Directors (in case of company), xii.**Cash Memo of Protective Cloth and Respiratory Protection, xiii. **Receipt of challan for licence fees (challan must be made before online application; received challan is not refundable), etc.",18,200,0,0,0,0,0,0,1
79,0,New Insecticide License,Insecticide License,Apply - Insecticide License,https://agriinput.matirkatha.net/bsk/bsk_farmers,2,Agriculture Department,0,P,1,TRUE,Ease of doing business,Online licensing under www.matirkatha.net,"Insecticide licence for undertaking pest control operation—Graduate in Agriculture or in Science with Chemistry as a subject, with a certificate course of minimum 15 days training from any of the three institutions, NIPHM, Hyderabad/CFTRI, Mysore/Indian Grain Storage Institute, Hapur","i. **PAN Card, ii. **Passport size photo, iii. **Self-Qualification Certificate for self-proprietorship business or Other’s Qualification Certificate with consent/appointment letter for Ltd./Pvt. Ltd. companies, iv. **Trade Licence, v. **Property Tax Receipt of municipality/Khajna dakhila of BL&LRO, vi. **Porcha/Deed, vii. Rent/Lease Agreement Deed, viii. NOC Certificate (if applicable), ix. Partnership Deed (in case of Partnership Firm),x.CIN(in case of company), xi. List of Board of Directors (in case of company), xii.**Cash Memo of Protective Cloth and Respiratory Protection, xiii. **Receipt of challan for licence fees (challan must be made before online application; received challan is not refundable), etc",0,200,0,0,0,0,0,0,0
80,0,Modify  Insecticide License,Insecticide License,Modify - Insecticide License Application,https://agriinput.matirkatha.net/bsk/bsk_farmers,2,Agriculture Department,0,P,1,TRUE,Ease of doing business,Online licensing under www.matirkatha.net,"A. Insecticide licence for sale, stock or exhibit for sale or distribution of insecticides —Graduate in Agricultural Sciences, Biochemistry, Biotechnology, Life Sciences or in Science with Chemistry/Zoology/Botany ora 1-yeardiploma course in Agriculture/Horticulture, having course content on plant protection. B. Insecticide licence for undertaking pest control operation —Graduate in Agriculture or in Science with Chemistry as a subject, with a certificate course of minimum 15 days training from any of the three institutions, NIPHM, Hyderabad/CFTRI, Mysore/Indian Grain Storage Institute, Hapur","i. PAN Card, ii. Passport size photo, iii. Certificate of Registration issued by CIB & RC(relevant page having registration no. and crops for which it has label claim, name of pests, dose, etc.), iv. Manufacturing Licence of the concerned pesticide. Agreement with manufacturing company (in case marketed by other than the manufacturing company), vi. No objection from manufacturing licence issuing authority (in case marketed by other than the manufacturing company) vii. Principal certificate of manufacturing company, viii. **Receipt of challan for amendment fees (challan must be made before online application; received challan is not refundable), etc. In case of transfer of ownership of licenc",21,200,0,0,0,0,0,0,0
81,0,Application Credit linked subsidy CHC,Agriculture Services,Application Credit linked subsidy CHC,http://matirkatha.net/,2,Agriculture Department,0,F,0,FALSE,"To promote Custom Hiring Centres of farm machinery by rural entrepreneurs, with the aim of increasing farm power by encouraging usage of farm machinery by small and marginal farmers, who would otherwise be deprived of this aid because of the prohibitive cost of owning such assets.",Only online application will be received after publication regarding the same in state-level daily newspapers as well as on www.matirkatha.net portal of the Government of West Bengal. Print copy of online application with requisite documents will be submitted to the district office within a stipulated date.,"Individuals, group of individuals, PACS, Joint Liability Groups (JLG) with bank accounts, SHGs, SHG Clusters and Federations, Proprietorship Firms, Partnership Firms, Co-operative Societies, Farmer’s Clubs, FPOs, Krishak Sangha, FIGs and Private/Public Ltd. Companies that have not availed any benefit for setting up CHC in the last four years. The applicant should have sufficient land under his possession (own land/leased/hired) for setting up the CHC. The land in question must belong to commercial or bastu category, no land belonging to agriculture category would be allowed for consideration.","Proof of citizenship, photo, detailed project report, quotation of machinery, proof of financial solvency (self-authenticated photocopy of updated bank passbook, etc.), title deed/lease certificate/rent receipt of land.",0,200,0,0,0,0,0,0,0
82,0,Crop Cutting data upload,Crop,Cutting Data Upload,http://matirkatha.net/,2,Agriculture Department,0,F,0,FALSE,Agricultural Marketing Department,NA,NA,NA,0,200,0,0,0,0,0,0,0
83,1,Crop condition report,Crop,Condition Report,http://matirkatha.net/,2,Agriculture Department,0,F,0,FALSE,"It aims to provide weekly status report on crop coverage, crop condition, sowing harvesting position, weather and rainfall position, pest and disease situation, input supply position, crop damage, if any, due to natural calamity, etc.",Accessing the www.matirkatha.net for the operations of uploading the periodic crop condition report,District Assessment Report,,0,200,0,0,0,0,0,0,1
84,1,Search  - Kishan Mandi Information,Agriculture,Search  - Kishan Mandi Information,http://matirkatha.net/,1,Agricultural Marketing Department,0,I,1,FALSE,"Kisan Mandi is an online platform enabling farmers to sell agricultural products directly to consumers, eliminating intermediaries. Operated by the Small Farmers Agribusiness Consortium, it is a free service for farmers. The platform also facilitates the trade of agri-machinery, tractors, and tools.",Online through www.wbagrimarketingboard.gov.in,,,0,200,0,0,0,0,0,0,1
85,0,Apply - Sufal Bangla Individual Enrollment Form,Sufal Bangla,Apply - Sufal Bangla Individual Enrollment Form ,https://sufalbangla.in/showUserRegistrationINDV,1,Agricultural Marketing Department,0,F,1,FALSE,"Sufal Bangla, a competitive retail daily use of prime vegetable outlet, is crucial for ensuring food and nutrition security for millions of people living below the poverty line in our country, besides helping to raise rural incomes and generate millions of on-farms and non-farms employment opportunities, eradication of poverty.","On the web portal, free of cost","Individual/group/FPC having valid bank A/C, PAN, Address Proof, Id Proof, CIN, GST, FSSAI, Registration etc","Certificate of being a farmer/FPO/FPC, etc",0,200,0,0,0,0,0,0,0
86,1,Search - Price Information,Sufal Bangla,Search - Price Information,https://www.sufalbangla.in/sufalbanglaPortal/showPriceList,1,Agricultural Marketing Department,1,I,1,FALSE,"The price information can be searched based on the data available in the market recorded by the portal. After search, you may get a rate of information about the specific vegetables in that market only. The rate may vary market to market.","Online through the respective web portals, free of cost",Any interested person,Not required,0,200,0,0,0,0,0,0,1
87,0,Apply - Application for Farm Produce Transport,Agriculture,Apply - Application for Farm Produce Transport,http://www.wbagrimarketingboard.gov.in/,1,Agricultural Marketing Department,0,F,1,FALSE,"Raw agricultural-based products from the farming activity like vegetables, fruits, and livestock for human consumption. The infrastructures like shops, Stalls, Water facilities etc. for the interest of the farm communities the farmers can achieve better remunerative price against selling of their crops.",The applicant can apply on the Android app (from Google Play Store) or over the internet on the www.wbagrimarketingboard.in website or through WhatsApp Bot at +91-86972-45555 (no cost involved).,"Citizens with valid PAN, Aadhar and Licence No can apply","PAN, Aadhar and Licence No",0,200,0,0,0,0,0,0,0
88,1,Search - Price Information of Daily Market,Agriculture,Search - Price Information of Daily Market,http://www.wbagrimarketingboard.gov.in/,1,Agricultural Marketing Department,0,I,1,FALSE,"The price information can be searched based on the data available in the market recorded by the portal. After search, you may get a rate of information about the specific vegetables in that market only. The rate may vary market to market.","Online through www.sufalbangla.in, www.enam.gov.in, www.wbagrimarketingboard.gov.in, www.agmarknet.gov.in",,,0,200,0,0,0,0,0,0,1
89,0,Register - Online Marketing (Farming),Agriculture,Register - Online Marketing (Farming),http://www.enam.gov.in/web/,1,Agricultural Marketing Department,0,F,1,FALSE,Vender can register to sale the product in the market. The buyer also needs to register for purchase the product from the market. It is recommended to register the farmers in the online portal and BSK will assist the same. ,On the web portal,"""1. Farmer
2. Trader
3. FPO""","""1. For farmers—ID proof and bank account no. with IFS Code
2. For traders— ID proof, bank account no. with IFS Code, APMC
license, PAN no.
3.  for FPOs—ID proof and bank account no. with IFS Code,
APMC licence, PAN no. and CNN no.""",18,200,0,0,0,0,0,0,0
90,1,Apply e-permit (agrimarket),Agriculture,Apply - e-Permit for National Agriculture Market,http://www.wbagrimarketingboard.gov.in/e-Permit.html,1,Agricultural Marketing Department,0,F,1,FALSE,"e-Permit is a single integrated online platform which caters to licensing, renewals, payment of market fees, generation of permits and submissions of returns. The e-Permits generated through the platform would ensure hassle free movement of goods across the state of west Bengal.",Online through www.wbagrimarketingboard.gov.in,Market functionaries except farmers,"For traders and other market functionaries — ID proof, Bank account no. with IFS Code, trade licence, PAN no., CNN no.",18,200,0,0,0,0,0,0,1
91,1,Search - Diary Scheme Information,Animal Resources,Search - Diary Scheme Information,https://www.darahwb.org/scheme.php?typ=Cattle,3,Animal Resources Development Department,0,I,1,FALSE,"It aims to assist existing dairy farmers as well as unemployed youths with information, knowledge and skill needed for development of viable dairy units.","Application to be made to the Block Livestock Development Officer at block level and to the Deputy Director, ARD & PO, at district level.",Any adult person interested to perform dairying as economic activity,"Proof of age, residence and caste",18,200,0,0,0,0,0,0,1
118,0,Apply - Excise Crime Reporting - Citizen,Finance Service,Apply - Excise Crime Reporting - Citizen,https://excise.wb.gov.in/Portal_New_Default.aspx,8,Finance Department,0,F,1,FALSE,The service provides an online platform to register grievances related to excise related crimes.,Online applications to be made through portal.,Any Indian national can apply,Evidence regarding the crime.,0,200,0,0,0,0,0,0,0
92,1,Search - Livestock Scheme,Animal Resources,Search - Livestock Scheme,https://www.darahwb.org/scheme.php?typ=Poultry,3,Animal Resources Development Department,0,I,1,FALSE,"It aims to increase production of milk, egg and meat","Application to be made as per procedure specified in the scheme guideline. Information related to the same may be availed from the respective office of the Block Livestock Development Officer at block level and to the Deputy Director, ARD and PO, at district level, as the case may be.",Any adult person/SHG,"Proof of age, residence, caste, copy of digital ration card, bank account details and mobile number",18,200,0,0,0,0,0,0,1
94,1,Search - Sabuj Sathi Scheme Information,Backward Class Services,Search - Sabuj Sathi Scheme Information,https://wbsaboojsathi.gov.in/v2/,4,Backward Classes Welfare Department,0,I,1,FALSE,The scheme aims to encourage students in higher education and to reduce drop outs by distributing bi-cycles to the students of class IX to XII in all Govt. run/ Govt. aided/ Govt. sponsored schools.,"Online enrolment through respective schools (www.wbsaboojsathi.gov.in)"".",Students of class IX to XII in all Govt. run/ Govt. aided/ Govt. sponsored schools,School enrolment proof,13,22,0,0,0,0,0,0,1
95,1,Search - Sikshashree Information,Backward Class Services,Search - Sikshashree Information,https://adibasikalyan.gov.in/sikshashree,4,Backward Classes Welfare Department,0,F,1,FALSE,The scheme provides financial assistance to SC students (studying in Classes V to VIII).,Online application through OASIS portal. Uploading of data is done by respective schools through their unique ID.,Students studying in Classes V to VIII. Income of parents should not exceed Rs. 2.5 lakh/ annum.,"Income details of parents, bank details, caste certificate.",8,14,0,0,0,0,0,0,1
96,1,Search - Taposali Bandhu Pension Scheme,Backward Class Services,Search - Taposali Bandhu Pension Scheme,https://wb.gov.in/,4,Backward Classes Welfare Department,0,I,1,FALSE,The scheme provides financial assistance to senior citizens belonging to SC community.,Online application through portal (www.jaibangla.wb.gov.in),60 years and above. No income bar. Beneficiaries who are not covered under any other Government scheme.,"Age proof, caste certificate, bank details",60,200,0,0,0,0,0,0,1
97,0,Apply - Consumer Grievance,Consumer Services,Apply - Consumer Grievance,http://wbconsumers.gov.in/ProtectedPages/con_login.aspx,6,Consumer Affairs Department,0,F,1,FALSE,"The service allows citizens to register consumer grievance according rights of consumers as available under Consumer Protection Act, 2019.","A dissatisfied consumer can file a complaint directly with the national commission or appeal against decisions of the state commission within a month from the date of the order. The court fee is Rs 5,000 and the demand draft should be in the name of The Registrar, National Consumer Disputes Redressal Commission.","A consumer under Consumer Protection Act, 2019.","Bills/vouchers/consideration paid, documents relating to UTP/RTP/defective goods/deficiencies in service, etc.",0,200,0,0,0,0,0,0,0
98,1,Search - Consumer Rights Information,Consumer Services,Search - Consumer Rights Information,http://wbconsumers.gov.in/HtmlPages/con_Actrules.aspx,6,Consumer Affairs Department,0,I,1,FALSE,"It aims to establishing the rights of consumers as available under Consumer Protection Act, 2019",2 procedures are available —a. To apply for pre-litigation settlement through mediation. This application can be made online also through web portal www.wbconsumers.gov.in. Offline application can also be made. b. To file complaint directly to Consumer Commission.,NA,"Bills/vouchers/consideration paid, documents relating to UTP/RTP/defective goods/deficiencies in service, etc.",0,200,0,0,0,0,0,0,1
99,0,Register - For e-Parimap ,Consumer Services,Register - For e-Parimap ,https://www.dolmwb.gov.in/userlogin,6,Consumer Affairs Department,0,P,1,TRUE,"Providing requisite licence to the manufacturer, dealer and repairer of different weights and measures as required under Rule 11 of the West Bengal Legal Metrology (Enforcement) Rules, 2011","Only online application is acceptable. For procedure, website of the Directorate www.dolmwb.gov.in is referred. First, create a user account in I am a new user. All documents, as mentioned in check list, like Current Trade Licence/Rent or Ownership document/GST/IT/PAN/EPIC/Certificate of enlistment/PTax receipt/Experience Certificate/Partnership deed/EM-1/ Form-32/Space Suitability Certificate/Monogram/Trade Mark/List of tools or equipment/Test weights/Model Approval Certificate/Agreement with suppliers/Land Conversion Certificate/Commercial Electricity/NOC of PCB, if any, are to be submitted in PDF format (max size 2MB). After permission from appropriate authority, fees to be paid online. Licence will be generated and sent online to the email ID of the applicant.","Standard Operating Procedure (SoP) for licences, as available on the website of the Directorate www.dolmwb.gov.in maybe referred",Check list on the website of the Directorate www.dolmwb.gov.in maybe referred.,18,200,0,0,0,0,0,0,0
100,0,Apply - License for e-Parimap,Consumer Services,Apply - License for e-Parimap,https://www.dolmwb.gov.in/userlogin,6,Consumer Affairs Department,0,P,1,TRUE,"Issuance/alteration of registration of packer/importer of entities involved in pre-packs or imports of any commodity for sale, distribution or delivery under Rule 27 of the Legal Metrology (Packaged Commodities) Rules, 2011","Only online application is acceptable. For procedure, website of the Directorate www.dolmwb.gov.in is referred. First, create a user account in I am a new user. All documents, as mentioned in check list, like Trade Licence/Rent or Ownership document/GST/Partnership deed/EM-1/Form-32/Monogram/ Trade Mark/Land Conversion Certificate/NOC of PCB, if relevant/Certificate under Seed Act, if any/Food Licence for food item, if relevant/Liquor Licence, if relevant/Explosive Licence, if relevant/Certificate from SWID, if relevant/GRIPS challan, are to be submitted in PDF format (max size 2MB). Requisite fee of Rs. 500/- (Rs. 100/- in case of alteration of licence) is to be paid online along with application. After approval from the appropriate authority, Registration Certificate will be generated and sent online to the email ID of the applicant.","1. For issuance of Registration Certificate of any individual, firm, HUF, Society, Company or Corporation involved in pre-packs or imports of any commodity for sale, distribution or delivery .2. For alteration: Any person having Registration Certificate issued under Rule 27 of the Legal Metrology (Packaged Commodities) Rules, 2011",No physical application/document required,18,200,0,0,0,0,0,0,0
101,1,Search - Right to Public Services Information,Consumer Services,Search - Right to Public Services Information,https://wbconsumers.gov.in/WBRTPS/HtmlPage/Hand_book,6,Consumer Affairs Department,0,I,1,FALSE,It aims to provide time-bound services as per the notification,NA,NA,NA,0,200,0,0,0,0,0,0,1
102,1,Search - Cooperative information,Co-operative Society,Search - Cooperative information,https://www.wbstcb.com/,7,Co-operation Department,0,I,1,FALSE,"It provides information on different schemes of Co-operative Societies/Banks, etc","Information can be availed from the Inspector of Co-operative Societies at Block level, Office of the Co-operation Directorate at Zone, Range and Headquarter level and from Co-operative Banks at district and state level",Anyone who desire to avail information on Co-operative Banks and Co-operative Societies schemes,ID proof,0,200,0,0,0,0,0,0,1
103,0,"Firms, Societies and Non- Trading Corporations-Registration",,,http://edistrict.wb.gov.in/,7,Co-operation Department,0,F,0,FALSE,,,,,0,200,0,0,0,0,0,0,0
377,1,Test Service 2,Test,Application Status,https://tset2.com,1,Agricultural Marketing Department,0,I,0,FALSE,,,,,0,200,0,0,0,0,0,0,1
105,0,Register - Cooperative Society,Co-operative Society,Register - Cooperative Society,http://edistrict.wb.gov.in/,7,Co-operation Department,0,I,1,FALSE,It aims to facilitate submission of application for registration of a proposed Co-operative Society online through e-District portal.,"Online application needs to be submitted along with uploading of relevant documents. Hard copies of application form, proposed bylaws, identity proof of the members and other relevant documents to be submitted offline.","At least 10 individuals for any type of primary Co-operative Society (for Housing Co-operative Society minimum eight individuals), eligible in terms of West Bengal Co-operative Societies Act & Rules, can apply for registration.","(a) Four copies of the proposed bylaws of the Co-operative Society as adopted by the promoting members;(b) A list of names of the members with their addresses, occupations and equity participations and signatures; (c) A list of members of the first board elected by the promoting members; (d) A true copy of the minutes of the meeting in which the bylaws were adopted and election was held, duly signed by the chairman; (e) A scheme of the project, if any, to be undertaken by the proposed Co-operative Society only in case of Housing Co-operative Society; (f ) Any other relevant document.",18,200,0,0,0,0,0,0,0
106,0,Apply - Change of name in Cooperative Society,Co-operative Society,Apply - Change of name in Cooperative Society,http://edistrict.wb.gov.in/,7,Co-operation Department,0,F,1,FALSE,It aims to facilitate submission of application for change of name of a registered Co-operative Society online through e-District portal.,Online application needs to be submitted along with uploading of relevant documents,Any registered Co-operative Society can apply,Relevant Resolution of the Management of the Co-operative Society,18,200,0,0,0,0,0,0,0
107,1,Search - Cooperative Society Finance Rules,Co-operative Society,Search - Cooperative Society Finance Rules,"https://wbstcb.com/app/webroot/files/rules_pdf/WBCS%20Rules,%202011.pdf",7,Co-operation Department,0,F,1,FALSE,"It provides information on different schemes of Co-operative Societies/Banks, etc.","Information can be availed from the Inspector of Co-operative Societies at Block level, Office of the Co-operation Directorate at Zone, Range and Headquarter level and from Co-operative Banks at district and state level.",Any Co-operative Society or class of Co-operative Societies or any other Institution registered under the West Bengal Co-operative Societies Act.,"Certificate of Registration, ID of signatories, Bank Acc details, any other relevant documents.",0,200,0,0,0,0,0,0,1
108,0,"Apply - Special Compassionate Appointment (Covid-19) Scheme, 2020",Finance Service,"Apply - Special Compassionate Appointment (Covid-19) Scheme, 2020",http://www.wbfin.nic.in/New_Fin/Pages/Publication.aspx,8,Finance Department,0,I,1,FALSE,"A large number of Covid Warriors comprising permanent employees and contractual/casual/hired workers/volunteers of the State Government, Urban & Rural Local Bodies, Public Undertakings and other Statutory Bodies under the State Government are working day and night risking their lives to provide urgent medical treatment and other support services to the affected population and enforce restrictions to ensure the containment of the pandemic. Now, in order to save the dependant wife/husband/son/daughter/near relation of the deceased/permanently incapacitated of these Covid Warriors from financial distress, the State Government has decided to provide employment under the State Government.","A large number of Covid Warriors comprising permanent employees and contractual/casual/hired workers/volunteers of the State Government, Urban & Rural Local Bodies, Public Undertakings and other Statutory Bodies under the State Government are working day and night risking their lives to provide urgent medical treatment and other support services to the affected population and enforce restrictions to ensure the containment of the pandemic. Now, in order to save the dependant wife/husband/son/daughter/near relation of the deceased/permanently incapacitated of these Covid Warriors from financial distress, the State Government has decided to provide employment under the State Government.","Applicable to a dependant family member of A) Employee of State Government, Rural and Urban Local Bodies, Public Undertakings, Statutory Bodies or any Grant-in-Aid Institution B) All frontline workers, like: 1. ASHA workers 2. Multipurpose health workers 3. Contractual workers engaged under NHM 4. All contractual and part-time medical, para-medical and nursing personnel 5. Contractual workers employed in health facilities including Drug Management, Cleaning, Scavenging, Laundry, Diet and providing other services 6. Anganwadi workers and helpers 7. Civic volunteers 8. Civic police volunteers 9. Other such contractual/casual/daily-rated/ hired workers/volunteers in Government establishments.",1. Age proof 2. Educational qualification proof 3. Death certificate of the deceased.,14,200,0,0,0,0,0,0,0
109,0,Apply - PSC Job Application,Finance Service,Apply - PSC Job Application,https://wbpsc.gov.in/,8,Finance Department,0,P,1,TRUE,"The Public Service Commission conducts examinations for appointment to Civil Services and posts under the State Government and advising the State Government on all matters relating to methods of recruitment to Civil Services and posts, on the principles to be followed in making appointments to Civil Services and posts and in making promotions and transfers from one service to another, on the suitability of candidates for such appointments, promotions or transfers and on all disciplinary matters affecting a person serving under the State Government in a civil capacity and on certain other matters","1. The applicant has to create a Candidate Login on the Public Service Commission portal www.pscwbapplication.in 2. The applicant will be able to see the job advertisements and has to click on the job he/she wants to apply for 3. On clicking the advertisement, the link gets forwarded to the application form. Duly fill all the mandatory fields and click on submit",Eligibility criteria differ from position to position. Criteria will be mentioned against each Public Service Commission advertisement.,"1. A mobile number to receive Enrolment No., SMS-based notifications/communications till the recruitment process is over 2. Access to facilities of computer with internet connectivity 3. A recent scanned passport size colour photograph (for scanning and uploading in jpeg format only. File size of scanned photograph should not be more than 100 kB) 4. Your scanned signature using blue/black pen on a white sheet (for scanning and uploading in jpeg format only. File size of scanned photograph should not be more than 100 kB) 5. If the applicant wants to submit the application fee online, access to an online payment facility/service such as i. Net Banking ii. Credit Card iii. ATM-cum-Debit Card",16,200,0,0,0,0,0,0,0
110,0,Deed e-Registration,Finance Service,Register - Deed e-registration,https://wbregistration.gov.in/(S(vddbb1gqna2ztmzdbngqaowl))/index.aspx,8,Finance Department,0,P,1,TRUE,"For property transactions happening in West Bengal, the property buyer has to pay stamp duty and registration charges applicable on the sale of the property.",NA,NA,NA,0,200,0,0,0,0,0,0,0
119,0,Payment - Tax or Fees,Finance Service,Payment - Tax or Fees,https://wbifms.gov.in/GRIPS/,8,Finance Department,0,P,1,TRUE,"To provide easy, transparent and efficient online service to citizens for making various tax and non-tax payments to the State Government",,"Applicable to a dependant family member of A) Employee of State Government, Rural & Urban Local Bodies, Public Undertakings, Statutory Bodies or any Grant-in-Aid Institution B) All frontline workers, like: 1. ASHA workers 2. Multipurpose health workers 3. Contractual workers engaged under NHM 4. All contractual and part-time medical, para-medical and nursing personnel 5. Contractual workers employed in health facilities including Drug Management, Cleaning, Scavenging, Laundry, Diet and providing other services 6. Anganwadi workers and helpers 7. Civic volunteers 8. Civic police volunteers 9. Other such contractual/casual/daily-rated/ hired workers/volunteers in Government establishments","To get service from Department/Directorate, pPayer will have to submit 1) e-Challan with GRN (Government Ref. No.) and BRN (Bank Ref. No.) from GRIPS portal 2) Bank transaction payment slip provided on the bank portal after successful payment",18,200,0,0,0,0,0,0,0
111,0,Deed - Certified Copy,Finance Service,Deed - Certified Copy,http://edistrict.wb.gov.in/,8,Finance Department,0,P,1,TRUE,To provide certified copy of deeds registered in Book No. 1 online,"1. Online process: Login to www.edistrict.wb.gov.in Click on the service link ‘Certified Copy of Registered Deed’ under Department Name Registration and Stamp Revenue Select the radio button Certified Copy of Registered Deed Submit the required deed, details like deed no., year of registration to the concerned registration office. It will show the availability and amount required to be paid, if available To submit applicant details To make payment Click on the service link ‘Certified Copy of Registered Deed’ under Department Name Registration and Stamp Revenue and select the radio button Get applied deed document Submit the AIN number and download the desired certified copy 2. Offline process: Submit physical application together with requisite stamp paper, court fee stamp and requisite amount of fees Downloading of certificate/acknowledgement token: Application submitted online through e-District:","Applicants with valid Deed No, Registration year and the name of the office where registered.","Nil for documents registered in Book-1. Identity proof/authorisation, etc. required for documents registered in Book 3 or 4.",18,200,0,0,0,0,0,0,0
112,0,Valuation - Stamp Duty Information,Finance Service,Valuation - Stamp Duty Information,https://wbregistration.gov.in/(S(vddbb1gqna2ztmzdbngqaowl))/index.aspx,8,Finance Department,0,F,1,FALSE,"The service provides an easy, transparent and efficient online service for knowing valuation of properties and applicable Registration Fees & Stamp Duty for registration of the same without multiple office visits.","Visit the website https://wbregistration.gov.in, Go to link e-Requisition Form Filling/Modification, Submit the required details and get the desired information, Alternatively, if the citizen does not want to generate e-assessment slip, he can view desired information by putting in the requisite details of the property after clicking the tabs provided for ‘Valuation of land’ or ‘Valuation of land with structure’ or ‘Valuation of Flat/Apartment’, as applicable, under the heading “CALCULATOR FOR” listed under the CITIZEN SERVICE” on the website www.wbregistration.gov.in and putting in the valuation so derived. The Stamp Duty and Registration Fees can be known by clicking the tab Stamp Duty and Registration Fees under the same heading.",Anyone who wants to avail information on valuation and stamp duty.,PAN Card and Aadhar Card,0,200,0,0,0,0,0,0,0
113,0,Apply - New Excise License,Finance Service,Apply - New Excise License,https://excise.wb.gov.in/UserLogIn/Login.aspx,8,Finance Department,0,P,1,TRUE,The system is intended for digitisation of excise licence,"1. The applicant has to visit www.excise.wb.gov.in/ 2. Click on Apply for new excise licence which is present on the home screen 3. Select Prepare application option from the citizen corner 4. Select the type of application from the number of types 5. Then the instruction page appears on the current screen, click on Click to proceed button 6. Enter mobile number and an OTP will be sent to the entered mobile number 7. On entering the OTP, the page will be redirected to the online application form 8. Fill the application form with the necessary details and upload the scanned documents along with it 9. After filling the application, the applicant has to make an online payment Downloading of certificate/acknowledgement token: Upon payment, the applicant will receive acknowledgement as confirmation","1. The individual should be aged 21 years or above and should be an Indian citizen or a person of Indian origin (in case of individuals, the application can be made by a single individual or multiple individuals jointly) 2. A firm regulated by the Indian Partnership Act, 1932 3. A company is regulated by the Companies Act, 1956 4. A society registered under the West Bengal Co","1. Document of VAT/WBST registration in favour of applicant(s) 2. Copy of PAN Card 3. Trade licence/Certificate of enlistment for the proposed category of licence 4. Detailed particulars of the location of the site such as plot no., mouza/holding no. and street name, name of the Gram Panchayat/name of the ward, police station, name of the municipality/name of the block and PIN code 5. Documents in respect of the right, title and interest of the applicant(s) in respect of the site, if the premises are owned by the applicant 6. NOC from the landlord regarding use of premises to run the excise licence applied for, if the premises is rented or leased or sub-leased 7. Conversion certificate in respect of land or whether the proposed site conforms to the land usage norms, as may be applicable",21,200,0,0,0,0,0,0,0
114,1,Renewal - Excise License,Finance Service,Renewal - Excise License,https://excise.wb.gov.in/UserLogIn/Login.aspx,8,Finance Department,0,P,1,TRUE,The system is intended for digitisation of excise licence,,,Any person who desires to avail renewal of excise Licence,21,200,0,0,0,0,0,0,1
115,0,Payment - Excise Duty Fee,Finance Service,Payment - Excise Duty Fee,https://excise.wb.gov.in/Portal_New_Default.aspx,8,Finance Department,0,P,1,TRUE,"An excise or excise tax (sometimes called an excise duty) is a type of tax charged on goods produced within the country (as opposed to customs duties, charged on goods from outside the country). It is a tax on the production or sale of a good. It is mandatory to pay duty on all goods manufactured, unless exempted"",
    ",NA,NA,NA,21,200,0,0,0,0,0,0,0
116,0,Apply - Temporary Bar License Application,Finance Service,Apply - Temporary Bar License Application,https://excise.wb.gov.in/Portal_New_Default.aspx,8,Finance Department,0,P,1,TRUE,Provide an online platform to apply for temporary bar licence.,"Online Visit the official portal of West Bengal Excise Directorate.Click on Temporary Bar Licence which is present on the home screen.Select Sign In or Sign Up option as required.Enter the mobile number and the OTP will be sent to the entered mobile number.After entering the OTP, the page will be redirected to the online application form.Fill the application form with the necessary details and upload the scanned documents (age proof and identity proof) along with it.Log out from the platform and then again log in (Here we see two categories are in above screen, if you are an Excise Licencee then select first one, second option is for Non-Licencee category.) Click on Prepare Application and fill up the required details and click Proceed.Select the date of the occasion and upload the following documents: i) Rough sketch map of the site of operation of the temporary bar; ii) Certificate of Establishment/Trade Licence; iii)Copy of current Licence for existing Licencee,iv) Details of brands and quantities proposed to be procured for the operation of temporary bar; v) proof of social gathering for which temporary bar is being applied for.Click submit and application ID would be generated.Select Send application to SE.Select Enter payment details followed by Enter payment details for Police.Send to Kolkata Police Select Enter payment details followed by Enter payment details for Excise.Send to DTE User Downloading of certificates/ acknowledgement token: Yes, after competition of application",The individual should be age twenty-one years or above and should be an India citizen or a Person of Indian Origin,,21,200,0,0,0,0,0,0,0
117,0,Register - Retail Liquor Outlet,Finance Service,Register - Retail Liquor Outlet,https://excise.wb.gov.in/Portal_New_Default.aspx,8,Finance Department,0,P,1,TRUE,"In India liquor license in mandatory for selling alcohol. In general, liquor stores, pubs, clubs, discos, bars, hotels, and restaurants own a license to sell alcohol."",
    ",NA,NA,NA,21,200,0,0,0,0,0,0,0
269,0,Information on tribal pension under Jai Bangla,,,https://jaibangla.wb.gov.in/login,39,Women & Child Development and Social Welfare Department,0,F,0,FALSE,,,,,0,200,0,1,0,0,0,0,0
120,1,Apply - Renewal of Fire Safety Certificate,Fire,Apply - Renewal of Fire Safety Certificate,/edist/renewal-of-fire-safety-certificate-app,9,Fire & Emergency Services Department,0,F,1,FALSE,"To prevent occasion of fire by providing Fire Safety Advisory to various high-rise buildings of 14.5-m height and high-risk buildings, e.g., hospitals, nursing homes, hotels, restaurants, etc. and warehouse or workshop used for storing or processing of hazardous substances through issuance of Fire Licence",The whole process is done online through edistrict.wb.gov.in. Details of procedure are given at wbfes.gov.in/eodb..,• Fire Licence: Any person who stores inflammable or hazardous substance or is involved in the processing of the same must obtain a Licence • Renewal of Fire Licence: Fire Licence whose validity duration has ended,As detailed at wbfes.gov.in/eodb,0,200,0,0,0,0,0,0,1
121,1,Apply - Issuance of Fire Safety Certificate,Fire,Apply - Issuance of Fire Safety Certificate,/edist/issuance-of-fire-safety-certificate-app,9,Fire & Emergency Services Department,0,F,1,FALSE,"To prevent occasion of fire by providing Fire Safety Advisory to various high-rise buildings of 14.5-m height and high-risk buildings, e.g., hospitals, nursing homes, hotels, restaurants, etc. and warehouse or workshop used for storing or processing of hazardous substances through issuance of Fire Safety Certificate",The whole process is done online through edistrict.wb.gov.in. Details of procedure are given at wbfes.gov.in/eodb..,Issuance of Fire Safety Certificate: Any person who desires to avail Fire Safety Certificate for residential or commercial property.• Renewal of Fire Safety Certificate: Application can be submitted by any person who desires to avail Renewal of Fire Safety Certificate for residential or commercial property. Issuance of Fire Safety Recommendation: Application can be submitted by any person who desires to avail FSR for residential or commercial property. • Issuance of Revised Fire Safety Recommendation: Application can be submitted by any person who desires to avail Revised Fire Safety Recommendation for residential or commercial property.,As detailed at wbfes.gov.in/eodb,0,200,0,0,0,0,0,0,1
122,0,Fishery development schemes info,,,https://www.wbfisheries.in/scheme.php,10,Fisheries Department,0,I,0,FALSE,"The various schemes aim to increase production of fish, to implement various aqua cultural schemes having high productivity, to construct dwelling houses for fishermen, construction of infrastructural facilities like link roads, markets, cold storages, ice plants, fish landing centres, etc. in fishing villages or for benefit of the fishing community.",Application in prescribed pro-forma to be submitted to the Matsya-O-Pranisampad Bikas Sthayee Samiti of the concerned Panchayat Samiti. Details may be had from concerned Fishery Extension Officers in the Blocks.,Citizens of India residing in West Bengal and engaged in fishing or activities related to fishery,On-site inspection is done by officials of Fisheries Department to verify eligibility of the applicants. Supporting documents as may be required by them may have to be submitted.,12,200,0,0,0,0,0,0,0
123,0,booking BENFISH properties,Property Booking,BENFISH Property Booking,https://www.benfishtourism.com/,10,Fisheries Department,0,P,0,TRUE,Facilitating accommodation booking of BENFISH Tourist Lodges,"Online through www.benfishtourism.com, over the counter",Any tourist willing to avail themselves of accommodation in the Tourist Lodges,"Documents related to ID proof, proof of residence, email ID, etc., as required, to verify authenticity of any tourist",12,200,0,0,0,0,0,0,0
124,0,Apply - Farmer Registration Paddy Sale,Paddy Sale,Apply - Farmer Registration Paddy Sale,https://wbpds.wb.gov.in/directauth.aspx?1=1,12,Food & Supplies Department,0,F,1,FALSE,It aims to ensure farmers have received their payment within 3 working days after selling their paddy,"Status is available at https://procurement.wbfood.in/, Click on the menu/tab ‘Farmer’, then on the submenu ‘Payment Status’. Farmer registration no. and mobile no. needs to be provided.",All the paddy selling farmers in the State of West Bengal.,Registration number and registered mobile number,18,200,0,0,0,0,0,0,0
125,1,Search  - Payment Status of Paddy Sold,Paddy Sale,Search  - Payment Status of Paddy Sold,https://wbpds.gov.in,12,Food & Supplies Department,0,I,1,FALSE,It aims to ensure farmers have received their payment within 3 working days after selling their paddy,"Status is available at procurement.wbfood.in/, Click on the menu/tab ‘Farmer’, then on the submenu ‘Payment Status’. Farmer registration no. and mobile no. needs to be provided.",All the paddy selling farmers in the State of West Bengal.,Registration number and registered mobile number,0,200,0,0,0,0,0,0,1
126,0,Apply - New Digital Ration Card,Digital Ration Card,Apply - New Digital Ration Card,https://wbpds.wb.gov.in/Digitalportal/index.aspx?id=3,12,Food & Supplies Department,0,F,1,FALSE,"""To provide subsidised DRC (AAY, SPHH, PHH
and RKSY-1) for lifting food grains from the FPS under PDS and non-subsidised
DRC (General category) for use as an important document""
","1. New DRC
(subsidised) – Form3
2. Add member to family – Form4
3. corrections – Form5
4. Change of Ration Shop/Dealer – Form6
5. surrender – Form7
6. Change category – Form8
7. Duplicate DRC – Form9
8. New General category DRC (non-subsidised) – Form10""
","""Any Indian citizen residing in West Bengal whose family does not fall under any auto-exclusion criteria
and fulfils one or more deprivation criteria is eligible for getting subsidised DRC. Others whose families fall under auto-exclusion criteria may get non-subsidised DRC (General category). [List of auto-exclusion criteria and deprivation criteria is given on the flipside of Form-3 and Form-8].""
","""1. Photocopy of Aadhaar cards of all members above the age of 5 years who applied for DRC
2. Photocopy of birth certificate
(below 5 years of age) 
3. Photocopy of EPIC/Voter ID Card, if available, photocopy of old paper ration card, if available
4. One valid mobile number""
",5,200,0,0,0,0,0,0,0
127,1,Search - Application Status of Digital Ration Card Application,Digital Ration Card,Search - Status of Digital Ration Card Application,https://wbpds.wb.gov.in/(S(mhbwedm05ynloklv4wzrkznp))/Digitalportal/index.aspx,12,Food & Supplies Department,0,I,1,FALSE,It aims to facilitate the public by giving information so that they need not visit the office time and again,Status of any Digital Ration Card-related application can be checked through the food and supplies websites wbpds.wb.gov.in/ and wbpds.gov.in/. Application number/barcode number (16/10 digit) for offline application and registered mobile number for online application isneeded.,,"Visitor can carry the original receipt onwhich the application number/barcode number was pasted or a photocopy of the receipt or a photo (on mobile) of the application number. Visitor can also note down application number/barcode number on paper and hand over the same to the DEO, BSK.",5,200,0,0,0,0,0,0,1
128,0,Apply - Aadhaar & Mobile Link with Digital Ration Card,Digital Ration Card,Apply - Aadhaar & Mobile Link with Digital Ration Card,https://wbpds.wb.gov.in/directauth.aspx?1=1,12,Food & Supplies Department,0,F,1,FALSE,"To link Aadhaar number and mobile number to existing digital ration card (DRC)
","""1. Beneficiary has to submit Form-11 online or online to link their Aadhaar number and mobile number to their digital ration card (DRC)
2. For a formsubmitted offline, a DEO, BSK, should link the Aadhaar number and mobile number through the website: https://wbpds.wb.gov.in/ using their login details""
","Anyone who has a digital ration card (DRC)
","""1. Photocopy of the DRC
2. Photo copy of Aadhaar Card
3. Valid Mobile Number
""
",18,200,0,0,0,0,0,0,0
129,0,Food grain entitlements & helpdesk no. display,Food grain entitlements & helpdesk no. display,Show,https://wbpds.gov.in,12,Food & Supplies Department,0,I,0,FALSE,"It provides details of food grains entitlements against an individual digital ration card (DRC) and to provide helpdesk number, if any visitor wants to contact the helpdesk for any reason related tothe public distribution system.","Beneficiaries can approach the DEO, BSK,for their entitlement. Here,the beneficiary has to provide the type/category (AAY, SPHH, PHH, RKSY-I, RKSY-II, GEN Category) of the DRC they areholding.",,,0,200,0,0,0,0,0,0,0
130,1,Search - Food Processing & Horticulture Schemes Information,Food Processing,Search - Food Processing & Horticulture Schemes Information,https://www.wbfpih.gov.in/,11,Food Processing Ind. and Horticulture Department,0,I,1,FALSE,It aims to provide subsidy based on MIDH cost norms,Application to be submitted to respective District Horticulture Office,As per MIDH guidelines(www.midh.gov.in),Land documents and others as specified by District Horticulture Office,0,200,0,0,0,0,0,0,1
131,1,Apply for Birth & Death Certificate,Birth and Death,Apply - Birth & Death Certificate,https://janma-mrityutathya.wb.gov.in/bsk/index,13,Health & Family Welfare Department,0,F,1,FALSE,It aims to implement CRS Birth-Death Registration Application across all registration centres in the country for Automation of Civil Registration System and to ensure 100% registration,"a. Births and deaths are registered at the place of occurrence of the event and by the concerned registrar under whose jurisdiction the event has taken place. b. Only domiciliary (house/home) events within 21 days of the occurrence of the event may be reported. If the event has crossed the limit of 21 days, one must approach the office of the concerned registrar (B&D). c. To report a domiciliary event (within normal reporting period, i.e., 21 days), fill up the mandatory information to register yourself for reporting of an event through the following link. This login ID will work for a single birth/death event: crsorgi.gov.in/web/index.php/auth/signUp d. At the time of sign-up, users will be able to register for the functional registration units only, i.e., the registration units where this centralised application is being used for registration of births and deaths. From the drop-down list of registration units, the desired registration unit can be chosen e. After successful login, users need to fill the complete birth/death reporting form (both legal as well as statistical portion) to the best of their knowledge and belief. f. Get a print out of the application and forward it to the concerned registrar BY HAND at the given address (address will appear on the bottom of the print out of the application) along with the required documents.",,"(Form 1) o Address proof: Copy of any one of the following documents, self-attested – Voter ID Card, electricity/gas/water/telephone bill, passport, valid ration card, Aadhaar card, running bank account, etc. b. Supporting documents required for a domiciliary death reported within 21 days of occurrence of the event: o Declaration by close relative/family member in prescribed pro-forma o Information in prescribed pro-forma (i.e., Form 2) and death certificate from medical practitioner (Form 4A) o Address proof of deceased: Copy of any one of the following documents, self-attested – Voter ID Card, electricity/gas/water/telephone bill, passport, valid ration card, Aadhaar card, running bank account, etc.)",0,200,0,0,0,0,0,0,1
132,0,Apply Janani Suraksha Yojana,,,https://www.wbhealth.gov.in/,13,Health & Family Welfare Department,0,F,0,FALSE,It aims to promote safe motherhood through institutional child birth,Offline at government health institutions.,All pregnant women,MCP Card,21,50,0,0,0,0,1,0,0
133,0,Apply Maternity Schemes,,,https://www.wbhealth.gov.in/,13,Health & Family Welfare Department,0,F,0,FALSE,"""Janani Suraksha Yojana
To promote institutional delivery













Bangla Matri Prakalpa
Compensation for wage loss so that a pregnant woman can take adequate rest before and after delivery of the first child and improve health-seeking behaviour""
","""1. The (Janani Suraksha Yojana) JSY card is to be filled by any of the following persons: Medical Officer /GNM/ANM of Government
2. Semi government facilities including Health facilities run by NGOs, charitable trust and voluntary organization within the municipality area, Any registered
Medical Practitioner /private doctor is also entitled to issue the JSY
card, Honorary Health Worker of the municipality


BMP Form no. 1A, 1B & 1C (as applicable) to be filled up and given to ANM at Sub-Centre/BPHC""
","""SC, ST and BPL




Pregnant women and lactating mothers""
","""
Proof of SC/ST/BPL to be submitted at time
of delivery to Superintendent/BMOH












1. All pregnant women and lactating mothers, excluding those who are in 105 regular employment under the Central Government or the State Governments or PSUs or those who are in receipt of similar benets under any law for the time being in force
2. All eligible pregnant women and lactating mothers who have their pregnancy on or after 01.01.2017 for the 1st child in the family""
",21,50,1,1,0,0,1,0,0
134,0,Apply Nikshay Poshan Yojana,,,https://www.wbhealth.gov.in/,13,Health & Family Welfare Department,0,F,0,FALSE,The scheme provides financial incentive of Rs.500/- per month for each notified TB patient for duration for which the patient is on anti-TB treatment.,Applicants need to register online at www.nikshay.in.,"Notified TB patients during TB treatment period (irrespective of age/ education/ income, etc.).",Bank details for direct benefit transfer,18,200,0,0,0,0,0,0,0
135,0,Apply Family Planning Compensation,,,https://www.wbhealth.gov.in/,13,Health & Family Welfare Department,0,F,0,FALSE,"It aims at population stabilisation, ensuring reproductive rights, reducing maternal and child mortality and morbidity",Offline at government health institutions.,Women of reproductive age,Hospital documents,21,45,0,0,0,0,0,0,0
136,0,Apply  Janani Shishu Suraksha Karyakram,,,https://www.wbhealth.gov.in/,13,Health & Family Welfare Department,0,F,0,FALSE,It aims to promote safe motherhood through institutional child birth,Offline at government health institutions.,All pregnant women,MCP Card,21,45,0,0,0,0,0,0,0
137,1,Apply - Swasthya Sathi Enrolment Certificate New Registration (Form – B),Swasthya Sathi,Apply - Swasthya Sathi Enrolment Certificate New Registration (Form – B),https://accounts.swasthyasathi.gov.in/SSPublicDataEntry_BSK.aspx,13,Health & Family Welfare Department,0,F,1,FALSE,Provides basic health cover for secondary and tertiary care up to Rs. 5 lakh per annum per family.,"Beneficiary to submit application in Form B; Form B is verified by Nodal Officers/BDO/Municipality and uploaded on the online portal; Unique Registration Number (URN) is generated against each family after de-duplication; Smart Card distributed on the spot in camp mode or permanent enrolment centre.
 ","(1) Should be permanent residents of West Bengal. (2) Should not be insured under any govt. sponsored health insurance scheme, (3) should not receive medical allowance with the salary.
    ","Aadhar Card, Identity Proof-Like Voter Card, Ration card, etc, Permanent Residence Proof.",0,200,0,0,0,0,0,0,1
138,0,Apply - OPD Registration,Hospital,Apply - OPD Registration,https://onlinehmis.wbhealth.gov.in/Login.aspx,13,Health & Family Welfare Department,0,F,1,FALSE,It aims to enable a patient/patient party to book OPD Tickets at different health facilities from the comfort of their homes,Online at onlinehmis.wbhealth.gov.in/,,,0,200,0,0,0,0,0,0,0
139,1,Search - COVID Patient Information,COVID,Search - COVID Patient Information,https://www.wbhealth.gov.in/,13,Health & Family Welfare Department,0,I,1,FALSE,"It aims to let patient/patient party know about bed availability status in Covid hospitals. Telemedicine services aret o provide telecounselling to patients,guide them and instructthem accordingly. Test results of the RTPCR can be accessed through the link provided to the patient on his mobile number.",,,,0,200,0,0,0,0,0,0,1
140,1,Search - Blood Test Report,Blood,Search - Blood Test Report,https://onlinehmis.wbhealth.gov.in/IPD/IPDInPatientTestResultPrint.aspx,13,Health & Family Welfare Department,0,I,1,FALSE,"It aims to provide online blood test report to patients (currently available only in the medical colleges in Kolkata, Salt lake SDH, Howrah DH and MR Bangur DH).",,,,0,200,0,0,0,0,0,0,1
141,0,Blood availability info,Blood,Availability Info.,https://www.wbhealth.gov.in/pages/blood_bank,13,Health & Family Welfare Department,0,I,0,FALSE,It aims to collect blood from voluntary blood donation camps/in-house campsandprovide safe blood to all persons who need blood/component transfusion,“JEEVAN SHAKTI” online application from where people can get details of blood and component stock on a daily basis,,,0,200,0,0,0,0,0,0,0
142,0,Organ transplant procedure,,,https://www.wbhealth.gov.in/,13,Health & Family Welfare Department,0,I,0,FALSE,It aims to provide relevant information on organ transplant procedure,"Details are available on the website, organdonationbengal.in. Coordinators in the designated transplant hospitals will guide the patient.",Advice from the treating specialist doctor,As required by the transplant hospital,0,200,0,0,0,0,0,0,0
143,0,Registration - Shishu Sathi,,,https://www.wbhealth.gov.in/,13,Health & Family Welfare Department,0,F,0,FALSE,"The scheme provides free treatment to children suffering from congenital heart disease, cleft,lip/palate, club foot and neural tube defect.","Offline, referred by Mobile Health Team through District Nodal Officer.",0-18 years of age (irrespective of family income),Referral letter from Districts/ MCHs with address and age proof,0,18,0,0,0,0,0,0,0
144,0,Ambulance booking,,,https://www.wbhealth.gov.in/,13,Health & Family Welfare Department,0,F,0,FALSE,It aims to provide ambulance service to distressed citizens,"Call toll-free number, 102",Any distressed citizen who requires ambulance service,Aadhar Card and medical documents,0,200,0,0,0,0,0,0,0
145,0,Complaint Lodging-WBCERC,,,https://www.wbhealth.gov.in/,13,Health & Family Welfare Department,0,F,0,FALSE,It aims to ensure accountability and transparency in dealing with patients by clinical establishments in providing patient-care services,"Online at wbcerc.gov.in/ The provided by the WBCERC are applicable to private/corporate clinical establishments; grievance against a Government Health Facility is to be lodged manually to the Director of Health Services or Director of Medical Education, Swasthya Bhawan",Any citizen who would like to lodge grievances at WBCERC,Copies of treatment-related documents,0,200,0,0,0,0,0,0,0
146,0,Apply - Swami Vivekananda Scholarship,Scholarship,Apply - Swami Vivekananda Scholarship,https://svmcm.wbhed.gov.in/page/application_procedure.php,14,Higher Education Department,0,F,1,FALSE,"The scheme provides scholarships at different levels of higher studies, at educational institutions based in West Bengal. It also extends financial benefit to Kanyashree students at PG level (K3).","Online registration on the portal. Login with the Applicant ID and password for online form fill up, upload scanned supporting documents and submission.",,"1. Marksheet of Class X 2. Marksheet of last qualifying exam 3. Admission receipt 4. Scanned copy of bank passbook (first page containing A/C no. and IFSC) 5. Domicile certificate (Aadhaar card, Voter Card/Ration Card) 6. Income Certificate (Not Applicable for K3)",15,35,0,0,0,0,0,0,0
147,0,college admission application,,,https://wbhed.gov.in/,14,Higher Education Department,0,P,0,TRUE,To help students get admission smoothly in colleges in a transparent manner,As available on the websites of colleges and universities,"As available on the website, banglaruchchashiksha.wb.gov.in/search",,16,35,0,0,0,0,0,0,0
148,0,Application for correction of mark sheets,,,https://wbhed.gov.in/,14,Higher Education Department,0,F,0,FALSE,It aims to help students get their report cards smoothly,As available onthe websites of colleges and universities,"As available onthe website, banglaruchchashiksha.wb.gov.in/search","As available onthe website, banglaruchchashiksha.wb.gov.in/search",15,60,0,0,0,0,0,0,0
149,1,Download:e-learning materials,,,https://wbhed.gov.in/,14,Higher Education Department,0,I,0,FALSE,It aims to help students get study material sitting at home during the Covid period,As available on the websites ofcolleges and universities,"As available on the website, banglaruchchashiksha.wb.gov.in/search",,0,35,0,0,0,0,0,0,1
150,1,Download & submit assignments,,,https://wbhed.gov.in/,14,Higher Education Department,0,I,0,FALSE,,,,,0,60,0,0,0,0,0,0,1
151,1,Apply - Local Residence (Domicile) Certificate,eDistrict,Apply - Local Residence (Domicile) Certificate,/edist/domicile-cert,15,Home & Hill Affairs Department,0,F,1,FALSE,"Domicile or residence certificate is a proof of residence, issued by the State Government. This is a primary legal document that is used to prove the residency of a person residing in a particular state.",a.The applicant has to create a login on the e-District portal edistrict.wb.gov.in/ b. Click on the “Certificates” section and click on Local Residence (Domicile) Certificate c. Click on Apply. Fill the Application for Local Residence (Domicile) Certificate,a. Any person who is a resident of India and a bona fideresident of West Bengal having a permanent home in the state is eligible b. A person residing in the state for 15 years or having a permanent home in the state but residing somewhere else for earning a living c. Any woman who is not a resident of the state but married to a person who is a permanent resident of the state is eligible to obtain a domicile certificate,"a. Residential proof: Documentary evidence of rented house (photocopyof Land Deed/Khatiyan/Rent Receipt Copy)/documentary evidence of residential land, residential certificate issued by SDO b. Identity proof: Defence ID Card/PANCard/Government ID Card/Passport/Driving Licence/Electors Photo Identity Card (EPIC)/Ration Card,photocopy of Gorkha certificate issued from D.G.H.C., Certificate from Gram Panchayat Pradhan/Certificate from MLA/Certificate from MP, attested photo copy of call letter issued from Army/BSF/CRPF/CISF/SSB/ITBP/EFR c. Birth proof: Admit Card for Secondary Examination/photocopy of Birth Certificate Photograph: One attested passport sizecolour photograph",15,200,0,0,0,0,0,0,1
152,0,Apply - Refinance of Term Loan,Term Loan,Apply - Refinance of Term Loan,https://tl.wbmdfc.org/bsk/apply,24,Minority Affairs & Madrasah Education Department,0,F,1,FALSE,Minority loan,"Issuance of Firearm Licence: a. The applicant has to create a login on the e-District portal, edistrict.wb.gov.in/ b. Click on the “Licences” section and click on Issuance of Firearm Licence c. Click on Apply. Fill the Application for Issuance of Firearm Licence Duplicate Issue of Arms Licence: a. The applicant has to create a login on the e-District portal, edistrict.wb.gov.in/ b. Click on the Licences section and click on Duplicate Issue of Arms Licence c. Click on Apply. Fill the Application for Duplicate Issue of Arms Licence Renewal of Firearm Licence a. The applicant has to create a login on the e-District portal, edistrict.wb.gov.in/ b. Click on the “Licences” section and click on Renewal of Firearm Licence c. Click on Apply. Fill the Application for Renewal of Firearm Licence Surrender and Cancellation of Firearm Licence a. The applicant has to create a login on the e-District portal, edistrict.wb.gov.in/ b. Click on the Licences section and click on Surrender and Cancellation of Firearm Licence c. Click on Apply. Fill the Surrender and Cancellation of Firearm Licence",Issuance of Firearm Licence: a. The applicant should not have any past record of any kind of criminal activity b. Applicant should beminimum 21 years of age Duplicate Issue of Arms Licence: a. Licence card with validity b. Copy of FIR (if necessary) c. Affidavit d. Photocopy of licence with validity (if necessary) e. Court fees stamp of Rs. 5/- Renewal of Firearm Licence: a. Existing Firearm Licence b. Age proof Surrender and Cancellation of Firearm Licence: a. Applicant should have a valid Firearm Licence,"a. Identity proof (EPIC/Passport/PAN card/Driving Licence/Ration Card/Government ID Card/Defence ID Card) b. Age proof (EPIC/Passport/PAN card/Driving Licence/Ration Card/admit card of matriculation exam/Birth Certificate) c. Residential Certificate issued by SDO d. One colourpassportsize photograph e. Army Service Certificate (in case of army personnel) f. Income tax proof for civilians g. Medical Fitness Certificate h. NOC from DFO (if there is a forest within 10km) i. Certificate from BDO that there is no forest within 10km • Physical application to be submitted to (i.e., full address of the",21,200,0,0,0,0,0,0,0
384,1,Search - Fertilizer License Status ,Fertilizer License,Search - Fertilizer License Status ,https://agriinput.matirkatha.net/bsk/bsk_farmers,2,Agriculture Department,0,I,1,FALSE,,,,,0,200,0,0,0,0,0,0,1
153,1,Search - Transfer Case of Arms License Information,License,Search - Transfer Case of Arms License Information,http://edistrict.wb.gov.in/,15,Home & Hill Affairs Department,0,I,1,FALSE,The system is intended for digitisation of the transfer case of Firearm Licence,Applicant should have a valid Firearm Licence,Applicant should have a valid Firearm Licence,a. Valid Firearm Licence card b. 1 copy of passport photo of transferee (for scanning),18,200,0,0,0,0,0,0,1
154,1,Apply - Gorkha Certificate,eDistrict,Apply - Gorkha Certificate,/edist/gcapp,15,Home & Hill Affairs Department,0,F,1,FALSE,"a.The applicant has to create a login on the e-District portal,edistrict.wb.gov.in/ b. Click on the Certificates section and click on Gorkha Certificate c. Click on Apply. Fill the Application for Gorkha Certificate","Gorkha, as specified in No.13-229/2000/Estt dt.10th September 2000 of Anthropological Survey of India under Ministry of Culture","a. Residential Certificate issued by SDO/Ration Card b. Electoral Voter Identity Card (EPIC)/Driving Licence/Bank Pass Book c. Age proof: Birth Certificate/Admit Card d. Community status:Certificate from respective Pradhan/MLA/MP e. Marksheet: Primary/Secondary/Higher Secondary f. Employment Exchange Card (Optional) g. Father’s/guardian’s occupation proof h. Father’s/guardian’s income proof i. Proof of residence 1. For residential land: Land Deed/Khatian/Tax Receipt from Gram Panchayat/Municipality 2. For rented house: House Rent Receipt/Electricity Bill 3. For tea garden residents: Original Certificate from Garden Manager and Gram Panchayat Pradhan j. Recent passport size photograph attested by a Group A Officer k. Signature l. Current advertisement of recruitment in Army/BSF/CRPF/ITBP/Police, etc.",,15,200,0,0,0,0,0,0,1
155,0,Apply - Submission of Form for Electoral Roll,Electoral Roll,Apply - Submission of Form for Electoral Roll,https://voters.eci.gov.in/,15,Home & Hill Affairs Department,0,F,1,FALSE,It aims to ensure a robust mechanism for accurate revision of electoral roll of the state,"Form 6: The application can be filled online on the National Voter Service Portal, i.e., www.nvsp.in/, or on the website of the Chief Electoral Officer of the State concerned, i.e., ceowestbengal.nic.in/ Form 7: a. The application can be filled online on the National Voter Service Portal, i.e., www.nvsp.in/, or on the website of the Chief Electoral Officer of the State concerned, i.e., ceowestbengal.nic.in/ b. Besides the name of the person whose entry is objected for inclusion or sought to be deleted, the other details of the electoral roll, Part No., Serial No. of the entry in that part of electoral roll and Identity Card No. issued to that person are also required to be filled up c. The applicant objector must specify the reason(s) as to why according to him/her the person whose name is objected is not qualified for inclusion in that part of electoral roll, viz. due to death, due to shifting, not ordinarily residing at the registered address, etc. Form 8: The application can be filled online on the National Voter Service Portal, i.e., www.nvsp.in/, or on the website of the Chief Electoral Officer of the State concerned, i.e., ceowestbengal.nic.in/ Form 8A: The application can be filled online on the National Voter Service Portal, i.e., www.nvsp.in/, or on the website of the Chief Electoral Officer of the State concerned, i.e., ceowestbengal.nic.in/",Form 6: An Indian citizen who has attained the age of 18 years or more on the first day of January of the year with reference to which the electoral roll is being revised Form 7: Can be filed only by a person whose name is already included in the roll Form 8: Can be filed only by a person whose name is already included in the electoral roll and who is seeking correction to his/her particulars already printed on the electoral roll Form 8A: A person whose name is already included in the current electoral roll and who has shifted from one place to another place within the same constituency,"Form 6: a. Birth Certificate issued by a Municipal Authority or district office of the Registrar of Births & Deaths or Baptism Certificate; or b. Birth Certificate from the school (Government/recognised) last attended by the applicant or any other recognised educational institution; or c. If a person is Class 10or more pass, they should give a copy of the mark sheet of Class 10 if it contains date of birth as a proof of date of birth; or d. Mark sheet of Class 8 if it contains date of birth; or e. Mark sheet of Class 5 if it contains date of birth; or f. Indian Passport; or g. PAN card; or h. Driving Licence; or i. Aadhaar letter/Card issued by UIDAI j. Declaration for an elector of 21+age group seeking fresh registration for the first time k. A recent passport size colour photograph Form 8: a. Birth Certificate issued by a Municipal Authority or district office of the Registrar of Births & Deaths or Baptism Certificate; or b. Birth Certificate from the school (Government/recognised) last attended by the applicant or any other recognised educational institution; or c. If a person is Class 10 or more pass, they should give a copy of the mark sheet of Class 10 if it contains date of birth as a proof of date of birth; or d. Mark sheet of Class 8 if it contains date of birth; or e. Mark sheet of Class 5 if it contains date of birth; or f. A declaration made by either parent if the person is not educated till Class l0 (in those cases where parental declaration is given as proof of age, the applicant will have to be present themselves for verification before BLO/AERO/ERO); or g. A certificate of his age given by a Sarpanch of the concerned Gram Panchayat or by a member of the concerned Municipal Corporation/Municipal Committee, in case the person is not educated till class 10 and both parents are not alive h. Indian Passport i. PAN Card j. Driving Licence k. Aadhaar letter issued by UIDAI l. Self-attested photocopy of EPIC Card (both sides) ",18,200,0,0,0,0,0,0,0
156,0,Apply - Verification of Electoral Roll Online,Electoral Roll,Apply - Verification of Electoral Roll Online,https://nvsp.in/,15,Home & Hill Affairs Department,0,I,1,FALSE,It aims to ensure a robust mechanism for accurate revision of electoral roll of the state,a. Track on electoralsearch.in/ to see if the voter’s name is registered or not b. Track on Voter Helpline app to verify the voter’s name in the electoral roll,Indian Citizen aged 18 years and above and with a valid Voter ID card,EPIC details,18,200,0,0,0,0,0,0,0
157,1,Search - Firecracker License Information,License,Search - Firecracker License Information,http://edistrict.wb.gov.in/,15,Home & Hill Affairs Department,0,I,1,FALSE,The system is intended for digitisation of the new/renewal of firecracker manufacturing/possession/selling licence,"Issuance of Firecracker Possession and Selling Licence:a. The applicant has to create a login on the e-District portal, edistrict.wb.gov.in/ b. Click on the Licences section and click on Issuance of Firecracker Possession and Selling Licence c. Click on Apply. Fill the Application for Issuance of Firecracker Possession and Selling Licence Renewal of Firecracker Possession and Selling Licence: a. The applicant has to create a login on the e-District portal, edistrict.wb.gov.in/ b. Click on the Licences section and click on Renewal of Firecracker Possession and Selling Licence c. Click on Apply. Fill the Application for Renewal of Firecracker Possession and Selling Licence",Applicant should have minimum age of 21 years,Issuance of Firecracker Possession and Selling Licence: a. Photocopy of No Objection Certificate from BDO b. Court Fee Stamp of Rs. 5/- c. Photocopy of Land Ownership Document for place of selling d. Photocopy of Sketch Map for place of selling e. Age proof (suggested to be also uploaded for age verification) Renewal of Firecracker Possession and Selling Licence: a. Photocopy of No Objection Certificate from BDO b. Court Fee Stamp of Rs. 5/- pasted on Application Form c. Photocopy of Land Ownership Document for place of selling d. Photocopy of Sketch Map for place of selling e. Age proof (suggested to be also uploaded for age verification),21,200,0,0,0,0,0,0,1
158,1, Search - Term Loan Status,Term Loan, Search - Term Loan Status ,https://tl.wbmdfc.org/bsk/apply,24,Minority Affairs & Madrasah Education Department,0,I,1,FALSE,Search the status of Term Loan,Online via edistrict.wb.gov.in,Applicant should be a resident of West Bengal and at least 21 years of age,"Photocopy of NOC from BDO, Court Fee Stamp of Rs. 5/- pasted on Application Form, Land Ownership Document for place of manufacture/selling,Quarry Permit for extraction of minor minerals issued by DM, Age proof",21,200,0,0,0,0,0,0,1
159,0,Apply - Lok Prasar Scheme,Lok Prasar Prakalpa,Apply - Lok Prasar Scheme,https://wblpp.in/Account/login,17,Information & Cultural Affairs Department,0,F,1,FALSE,The scheme aims to give financial assistance to poor folk artistes and to encourage the practice of different folk forms of Bengal by utilising the folk media to disseminate Government messages.,Application forms are available in district/ sub-divisional offices of I&C.A. Department free of cost.,"Applicant should be a folk singer, The minimum age limit is 18 yrs, no upper age limit, Yearly family incomes should be less than Rs 1,50,000/, Maximum number of artistes allowed in a family is 2 and for ST category","Income proof, address proof, photo, proof of bank account",18,200,0,0,0,0,0,0,0
160,1,Search - Agriculture & Irrigation Schemes,Agri-irrigation,Search - Agriculture & Irrigation Schemes,https://wbwridd.gov.in/,18,Irrigation & Waterways Department,0,I,1,FALSE,It aims to ensure quality ground and surface irrigation services,Offline application at District development committee office.,All the citizens of West Bengal who needs information related to agri-irrigation schemes.,Related documents if required by local authority,0,200,0,0,0,0,0,0,1
171,0,Apply - Map Service,Property,Apply - Map Service,https://banglarbhumi.gov.in/BanglarBhumi/Home.action,20,Land & Land Reforms and Refugee Relief & Rehabilitation,0,P,1,TRUE,To make the copy of map available to the applicant,Application can be done after signing in to the web portal www.banglarbhumi.gov.in for both plot map and mouza map. Fees can be paid online through the payment gateway of the portal.,No special eligibility.,,0,200,0,0,0,0,0,0,0
172,1,Search - Property Information,Property,Search - Property Information,https://banglarbhumi.gov.in/BanglarBhumi/Home.action,20,Land & Land Reforms and Refugee Relief & Rehabilitation,0,I,1,FALSE,This service informs the status of record of the landed property to any applicant,Real time data can be viewed in the web portal www.banglarbhumi.gov.in without any log in and without any fee. Searching can be done both khatian no. and plot no. wise,,PAN Card and Aadhar Card,0,200,0,0,0,0,0,0,1
161,0,Apply - Building and other Construction Workers Pension Scheme,Schemes,Apply - Building and other Construction Workers Pension Scheme,https://wblc.gov.in/applicant-login,19,Labour Department,0,F,1,FALSE,"It aims to provide pension to Building and other Construction Workers registered under BOCW(RECS) Act, 1996",The entire registration process is carried out online; URL: edistrict.wb.gov.in 1. The applicant is to log in- see the user manual available after log in- select the service (registration of construction worker……) -Fill-in the particulars as requested-Upload necessary documents-submit 2. -departmental approval-applicant has to pay the requisite fees at LWFCs- upload documents in support of payment-BRO registers the beneficiary- applicant downloads the approval certificate.,Age – 18 to 60 years and the applicant must be a building or other construction worker engaged in construction work not less than 90 days in preceding 1 year.,"1. Duly filled up Form-27 (application form), 2. Photograph, 3. Age Proof, 4. Photo copy of Bank Pass Book",18,60,0,0,0,0,0,0,0
162,1,Search - Subscription of Building and other Construction Workers Pension Scheme Information,Schemes,Search - Subscription of Building and other Construction Workers Pension Scheme Information,https://wblc.gov.in/applicant-login,19,Labour Department,0,F,1,FALSE,"It aims to provide pension to Building and other Construction Workers registered under BOCW(RECS) Act, 1996",The subscription for registration is being physically collected by the appointed Collecting Agents (CA) and Self-Employed Labour Organiser (SLO).The already registered applicant is to log in with edistrict.wb.gov.in portal -see the user manual- select the respective service -upload the documents in support of payment of subscription -automated approval,Age – 18 to 60 years and the applicant must be a building or other construction worker engaged in construction work not less than 90 days in preceding 1 year.,Registration number,18,60,0,0,0,0,0,0,1
163,1,Search - Registration of Transport Workers Pension Scheme Information,Schemes,Search - Registration of Transport Workers Pension Scheme Information,https://wblc.gov.in/applicant-login,19,Labour Department,0,F,1,FALSE,It aims to provide pension to transport workers,Online application for registration through e-district portal (URL: edistrict.wb.gov.in). Detailed user manual is available after the applicant logs in. Off-line application for claim of pension by the eligible beneficiary through Form VII under WBTWSSS.,Age - 18 - 60 years,"For new registration under the Scheme - Certification by Prescribed Authority in the Prescribed format, P/P photo (self and for each dependent member), age proof document, Driving Licence in case of drivers, EPIC/ AADHAR. For pension claim - Original copies of Form - I, II, IIA, Life certificate, bank details, Joint P/P photo with spouse - 3 copies",18,60,0,0,0,0,0,0,1
164,0,Apply - Samajik Suraksha Yojana Application ,Schemes,Apply - Samajik Suraksha Yojana Application ,https://wblc.gov.in/applicant-login,19,Labour Department,0,F,1,FALSE,To provide PF & other benefits to the registered beneficiaries,Online using URL: https://www.bmssy.wblabour.gov.in/(new portal) or ssy.wblabour.gov.in (earlier portal),"18-60 years age, there is no limit for construction and transport workers","Form-I accompanied by copy of Bank Passbook, EPIC/AADHAR, if any, passport-sized coloured photograph, signature, old scheme passbook (if applicable)",18,60,0,0,0,0,0,0,0
165,0,Apply - Yuvashree Scheme Application ,Schemes,Apply - Yuvashree Scheme Application ,https://employmentbankwb.gov.in/accept.php?type=1,19,Labour Department,0,F,1,FALSE,It is a financial assistance scheme for the unemployed youth of West Bengal.,"Online application at in the Employment Bank portal (employmentbankwb.gov.in/). After successful submission, provisionally selected beneficiaries need to submit their filled application with required documents to the nearest Employment Exchange.","1. Age limit-18-45 years, 2. Minimum Class VIII passed.","Bank details, Unemployment Certificate by Group A officer",18,45,0,0,0,0,0,0,0
166,0,Apply - Unemployment Allowance Application ,Schemes,Apply - Unemployment Allowance Application ,https://wblc.gov.in/applicant-login,19,Labour Department,0,F,1,FALSE,It aims to provide all types of Employment related services," Any Job-seekers can enrol online through “New Enrolment” sub-module under Job-seeker menu in Employment Bank portal (employmentbankwb.gov.in/). After accepting terms and condition, a one page simple enrolment page will open. Job-seeker needs to fill all the mandatory fields. After filling all the mandatory fields, online application page needs to be submitted through clicking SUBMIT button. A temporary enrolment ID will be created. The job-seeker is then required to visit any Employment Exchange of the State for validation of the temporary ID. On validation User-ID and password are sent to the job-seekers through system-generated SMS. He/ She can then access the portal and use it.",Minimum age 18 years of age,Proof of Date of Birth and other Educational qualification and Address proof documents.,18,60,0,0,0,0,0,0,0
167,1,"Apply - Shops & Establishment, Register - New/ Renewal of Certificate for Registration",Registration,"Apply - Shops & Establishment, Register - New/ Renewal of Certificate for Registration",https://wbshopsonline.gov.in/,19,Labour Department,0,P,1,TRUE,"To provide online services viz; -Registration of Shops & Establishments, Renewal of Certificate of Registration etc",The URL for availing services: -wbshopsonline.gov.in,Any interested citizen of the State of West Bengal,"Proof of Identity, Proof of Occupancy & Signed system generated Application for registration",18,200,0,0,0,0,0,0,1
168,0,Apply - Mutation Application,Property,Apply - Mutation Application,https://banglarbhumi.gov.in/BanglarBhumi/Home.action,20,Land & Land Reforms and Refugee Relief & Rehabilitation,0,P,1,TRUE,Updating of record of rights owing to change of ownership of land in the state of West Bengal. ,Citizen has to apply with a valid document through the official portal (https://banglarbhumi.gov.in ) or visit the nearest BSK for the Mutation application. ,Provide all valid documents for the application.,"The required documents depend on the land or house property. For the latest document requirements, visit the official website of the land department or visit your nearest BSK.",18,200,0,0,0,0,0,0,0
169,0,Apply - ROR Application ,Property,Apply - ROR Application ,https://banglarbhumi.gov.in/BanglarBhumi/Home.action,20,Land & Land Reforms and Refugee Relief & Rehabilitation,0,P,1,TRUE,Giving copy of record of rights( Khatian),Application can be done after signing in to the web portal www.banglarbhumi.gov.in. Fees can be paid online through the payment gateway of the portal.,Any Raiyat,o Ration Card o Proof of Identify – Voter ID o Proof of Address – Aadhaar Card o Proof of ownership of property o Land Tax o Encumbrance certificate o Evidence for Income Sources – Income certificate • Disbursement of benefits: Digitally signed copy of ROR,18,200,0,0,0,0,0,0,0
170,0,Apply - Plot Information,Property,Apply - Plot Information,https://banglarbhumi.gov.in/BanglarBhumi/Home.action,20,Land & Land Reforms and Refugee Relief & Rehabilitation,0,P,1,TRUE,Making plot information available to the applicant,Application can be done after signing in to the web portal www.banglarbhumi.gov.in. Fees can be paid online through the payment gateway of the portal.,Any interested citizen of the State of West Bengal,Tax receipt of the requested plot,18,200,0,0,0,0,0,0,0
385,1,Download - Certificate of Fertilizer License,Fertilizer License,Download - Certificate of Fertilizer License,https://agriinput.matirkatha.net/bsk/bsk_farmers,2,Agriculture Department,0,F,1,FALSE,,,,,18,200,0,0,0,0,0,0,1
173,1,Apply - Marriage Certificate ,Marriage,Apply - Marriage Certificate,https://rgmwb.gov.in/MARREG_ApplyOnline/MARREG_Apply_Online.aspx,21,Law Department,0,P,1,TRUE,"To register marriage online under the Hindu Marriage Act, 1955, the Special Marriage Act, 1954 (u/s 13 or 16)",Click the relevant service tab to open www.rgmwb.gov.in/MARREG_Portal/ MARREG_Home.aspx • Click to ‘Register your marriage’ tab to page www.rgmwb.gov.in/MARREG_ Portal/MARREG_Register.aspx and go through instructions and keep files ready for uploading. • Click to Click Here to Apply Online to open www.rgmwb.gov.in/ MARREG_ ApplyOnline/ MARREG_Apply_Online.aspx;,"The age limit should be above 21 for husband and above 18 for wife for registration under the Hindu Marriage Act, 1955 and above 21 year for both husband and wife under the Special Marriage Act, 1954 (u/s 13 or 16); • Not within the degree of prohibited relationship; • Shall have valid consent; • Should not suffer from any mental disorder or recurrent attack of insanity","Proof of date of birth, Address proof, Photographs, Signature, Marriage invitation card etc.",21,200,0,0,0,0,0,0,1
174,1,Search - Mass Education & Library Related Schemes Information,Scholarship,Search - Mass Education & Library Related Schemes Information,https://meels.wb.gov.in/,22,Mass Education Extn. & Library Services,0,I,1,FALSE,It provides information needed by the public.,Online/offline member of the library,All Citizens,"Voter Identity Card, Birth Certificate, Residential Certificate",0,60,0,0,0,0,0,0,1
175,0,Apply - Karma Sathi Prakalpa Scheme,Karma Sathi,Apply - Karma Sathi Prakalpa Scheme,https://bccs.wb.gov.in/home.html,23,"Micro, Small & Medium Enterprises and Textiles Department",0,F,1,FALSE,It aims to create self-employment opportunity among the aspiring youth in the rural and urban areas of the State through setting up of new manufacturing enterprises and small businesses including services and trading.,The intended entrepreneur shall apply in the prescribed Application Form for assistance under the scheme either on-line through the Karma Sathi Portal or through physical application.,"1. Age: 18-50 years from date of notification i.e., 9th September 2020. 2. Educational Qualification: Minimum Class VIII passed.","Photo Identity proof, Proof of residence, Proof of age and educational qualification, SC/ST/PH certificate if applicable and Project Report.",18,50,0,0,0,0,0,0,0
176,0,Apply - Banglashree Scheme,Banglashree,Apply - Banglashree Scheme,https://wbmsme.gov.in/bskApi/bskPostData,23,"Micro, Small & Medium Enterprises and Textiles Department",0,F,1,FALSE," Banglashree is an initiative towards ease of doing business in the state to do away to extend fiscal incentives.  
","A suitable micro, small and medium enterprise must submit its incentive application online in the prescribed format. For more detail, visit the official website of MSME (https://wbmsme.gov.in/banglashreereg).",The eligibility criteria is mentioned in the official website of Banglashree (https://wbmsme.gov.in/banglashreereg ),The requirement for documents varies based on the business type. Please follow the website of Banglashree.,18,200,0,0,0,0,0,0,0
177,0,Application for Aikyashree Scholarship,Scholarship,Apply for Aikyashree Scholarship,www.wbminorityaffairs.in,24,Minority Affairs & Madrasah Education Department,0,F,0,FALSE,,,,,12,35,0,0,0,0,0,0,0
178,0,Apply - Educational Loan Application,Loan,Apply - Educational Loan Application,https://www.wbminorityaffairs.in,24,Minority Affairs & Madrasah Education Department,0,F,1,FALSE,To provide soft loan to needy individual minority youth for continuing their education,,,,0,18,0,0,0,0,0,0,0
179,1,Apply - Fresh Term Loan Application,Term Loan,Apply - Fresh Term Loan Application,https://tl.wbmdfc.org/bsk/apply,24,Minority Affairs & Madrasah Education Department,1,F,1,FALSE,It aims to provide soft loan to individual minority youth for small & medium businesses to help them improve their economic status,"Online process: Application form can be downloaded from www. wbmdfc.org Offline processes -The application may be submitted round the year (on any working day) in prescribed format and at the local Block Development Office in case of rural areas and SDO Office in case of urban areas. In case of Kolkata, it should be submitted at the District Office of Minority Affairs situated in Minority Bhavan, 11/3 Dr. Biresh Guha Street, Park Circus, Kolkata-700017.","Applicant’s age must be between 18 to 50 years as on 1st January of the year in which he/she is applying for the loan. Annual family income for rural area must be within Rs.98, 000/-(Rupees Eighty-one thousand) and urban areas within Rs.1,20,000/- (Rupees One lakh twenty thousand) only. A guarantor is required for loan above Rs.40,000/-.","Photocopy of the Voter Card/Aadhar card, Pan Card, Residential Certificate, Trade Licence, and Income Certificate",18,50,0,0,0,0,0,0,1
180,0,Apply - SHG Loan Application,Loan,Apply - SHG Loan Application,https://wbminorityaffairs.in/,24,Minority Affairs & Madrasah Education Department,0,F,1,FALSE,Empowerment of minority women for pursing economic activities and vocation of their choice.,"The application may be submitted round the year (on any working day) in prescribed format and at the local Block Development Office in case of rural areas and SDO Office in case of urban areas. In case of Kolkata, it should be submitted at the District Office Minority Affairs situated in Minority Bhavan, 11/3 Dr. Biresh Guha Street, Park Circus, Kolkata-700017.","Applicant’s age must be between 18 to 50 years as on 1st January of the year in which he/she is applying for the loan. Annual family income for rural area must be within Rs.98, 000/-(Rupees Eighty-one thousand) and urban areas within Rs 1, 20,000/- (Rupees One lakh twenty thousand) only","Photocopy of the Voter Card/ Aadhar card, Group Photo, Residential Certificate, Income Certificate and copy of resolution of the Group to be attached.",18,50,0,0,0,0,0,0,0
181,0,Application for Swami Vivekananda Merit Cum Means Scholarship Scheme for Minorities,Scholarship,Apply - Swami Vivekananda Merit Cum Means Scholarship Scheme for Minorities,https://www.wbminorityaffairs.in,24,Minority Affairs & Madrasah Education Department,0,F,0,FALSE,It provides scholarship for meritorious minority students pursuing studies from Class XI to Postgraduate in regular courses including Diploma (Polytechnic/Pharmacy),Online application can be filed by logging in to www. wbmdfcscholarship.in There is no provision for making any offline application.,Check at www. wbmdfcscholarship.in,"Institute Verification Format, Income Certificate, 1st page of pass book, Marksheet",0,18,0,0,0,0,0,0,0
182,0,Apply - Construction of Boundary Wall,Loan,Apply - Construction of Boundary Wall,https://tl.wbmdfc.org/CitizenSignup.aspx?FinanceType=refinance,24,Minority Affairs & Madrasah Education Department,0,F,1,FALSE,It aims to provide financial assistance for construction of Boundary Wall around Public Graveyards/ Idgah/ Mazar etc. with a view to safeguard religious sentiment and to prevent encroachment and trespassing.,Through: www.wbminorityaffairs.in can also be accessed through www.wbminorityaffairs.gov.in by clicking the link The application for the scheme is to be submitted online by the applicant uploading the scanned copies of documents along-with the application.,Must be a public Graveyards/Idgah/Mazar etc.,"(1) Resolution of the committee, (2) Land documents (ROR/Parcha) and non-encumbrance certificate from BL & LRO, (3) Rough sketch and mouza map",18,200,0,0,0,0,0,1,0
386,1,Search - Insecticide License Status ,Insecticide License,Search - Insecticide License Status ,https://agriinput.matirkatha.net/bsk/bsk_farmers,2,Agriculture Department,0,I,1,FALSE,,,,,0,200,0,0,0,0,0,0,1
183,0,Modify - Term Loan Application,Term Loan,Modify - Term Loan Application,https://tl.wbmdfc.org/bsk/apply,24,Minority Affairs & Madrasah Education Department,1,F,1,FALSE,It aims to provide financial support to NGOs to enable them to enhance and modernise their existing infrastructure and intake capacity,The application for this scheme should be submitted online by the NGO concerned along with scanned copies of requisite documents (to be uploaded by the NGO) by logging in to section www.ngoscheme.wbminorityaffairs.in or through www.minorityaffairs.gov.in by clicking on the link Application for NGO.,"1. The NGO should be registered as a Trust/Society/Company with the appropriate registering authority. 2.The NGO must have at least 3 (three) years experience in implementing successfully Minority related projects on Education, Health and Skill Development. 3.The NGO must have a minimum administrative infrastructure of its own to run the project. 4.The NGO must be economically viable to run the project they are implementing. 5.The project or unit benefitting must be located in the vicinity of the habitation of minority people, so that the majority of the beneficiaries of the scheme are from the minority communities. 6. The NGO shall not have any commercial motive in running any of the projects.","o Copy of Registration Certificate of the NGO o Copy of up-to date acknowledgement/receipt for last return filed to the Registering authority o Project Report for the proposed scheme o Annual Report for the last three years o Audit Report along with Audited Accounts for the last three years o By-laws/Memorandum of Agreement of the NGO o Bank Statement for the last six months, showing balance amount equal to or more than 25% of the NGOs contribution for the project. o Declaration to the effect that the NGO will run &maintain the project and indicating source of 75% of the NGOs contribution of the Project Cost o Site Plan of the Project o Building Plan duly approved by the local authority and countersigned by DOMA o Cost Estimate of the project duly vetted by the Competent Authority as per latest PWD SOR o Copy of Record of Rights of land or Land purchase deed with application for mutation, if land not yet recorded in the name of the NGO. o Conversion Certificate of land if classification is other than Bastu/Viti. o Copy of up-to-date receipt of Gram Panchayat Tax/Municipal Tax and Land Revenue o Non-encumbrance Certificate of land signed by the Secretary of the NGO (format enclosed) o Photograph of the land where the project is proposed o If any Government Financial assistance from MA & ME Department received earlier for any project, details thereof with certificate of completion and operation of the Project along with copy of full UC, Photographs, and up-to-date Annual Performance Reports of the project.",18,200,0,0,0,0,0,0,0
184,1,Search - Bangla Awas Yojana,Schemes,Search - Bangla Awas Yojana,https://www.wbhousing.gov.in/files/Format%20of%20Application(PRHE).pdf,25,Panchayats & Rural Development Department,0,I,1,FALSE,It aims to provide a pucca house with basic amenities to all houseless households and households living in kutcha and dilapidated house in rural areas.,"No procedure of Application, only selected beneficiaries from Permanent Wait List are eligible for the scheme benefit.","Identification and selection of beneficiaries, based on the housing deficiency and other social deprivation parameters in SECC 2011 data, and verified by the Gram Sabhas.",,18,200,0,0,0,0,0,0,1
185,1,Search - Anandadhara Scheme,Scheme,Search - Anandadhara Scheme,http://wbprd.nic.in/anandadhara/,25,Panchayats & Rural Development Department,0,I,1,FALSE,"The agenda is to mobilize the rural poor and vulnerable people into self- managed, federated institutions and support them for livelihood collectives. In addition, the poor would be facilitated to achieve increased access to their rights, entitlements and public services, diversified risk and better social indicators of empowerment.",Offline,,,18,200,0,0,0,0,0,0,1
186,1,Search - Guideline & View Job Card Detail,Common Service,Search - Guideline & View Job Card Detail,https://nrega.nic.in/netnrega/indexframe.aspx,25,Panchayats & Rural Development Department,0,I,1,FALSE,It aims to provide 100 days works to rural unskilled labour.,Application for registration of job-card may be given on plain paper with demand for work,1) Rural Household 2) Adult Member 3) Willing of unskilled manual labour,Demand for Work (Job Card),18,60,0,0,0,0,0,0,1
187,1,Search- Nirmal Bangla scheme,Scheme,Search - Nirmal Bangla Scheme,https://wb.gov.in/government-schemes-details-nirmalbangla.aspx,25,Panchayats & Rural Development Department,0,I,1,FALSE,"It aims to achieve ODF, ODF (S) & ODF Plus status.",,Based on Baseline survey,"Bank Details, Voter Card, Aadhar Card, Income Certificate",18,200,0,0,0,0,0,0,1
188,1,Search- Samabyathi Scheme Information,Scheme,Search - Samabyathi Scheme,https://www.malda.gov.in/node/39,25,Panchayats & Rural Development Department,0,I,1,FALSE,"In this scheme an amount of Rs.2,000/- is provided to a poor family for cremation/ burial on event of death of a family member.",Written application in a plain paper to be submitted to Executive officer of ULB at the Cremation Ground/ Burning Ghat/ Burial Ground and BDO for rural areas,"Poor families, living in the State of West Bengal and where the cremation/burial takes place at Crematoriums, Burning Ghats, Burial grounds etc., situated within the State of West Bengal.",cremation/ burial certificate by the authorized officer.,18,200,0,0,0,0,0,0,1
189,0,NOAPS,,,http://www.wbpublibnet.gov.in/node/1956,25,Panchayats & Rural Development Department,0,F,0,FALSE,,,,,0,200,0,0,0,0,0,0,0
190,0, NFBS,Common Service,Apply - NFBS,http://alipurduar1block.com/nfbs/,25,Panchayats & Rural Development Department,0,F,0,FALSE,,,,,0,200,0,0,0,0,0,0,0
191,0,NMBS,,,https://swachhbharatmission.gov.in/sbmcms/index.htm,25,Panchayats & Rural Development Department,0,F,0,FALSE,,,,,0,200,0,0,0,0,0,0,0
192,1,Application for EWS Certificates,Certificates,Apply - EWS Certificates,https://edistrict.wb.gov.in/,26,Personnel & Administrative Reforms Department,0,F,1,FALSE,"To provide reservation for Economically Weaker Sections, (EWS) is being implemented in respect of recruitment for civil posts and services in government and admission in educational institutions",Offline,"o Persons who are not covered under the scheme of reservation for SCs, STs and OBCs and whose family has gross annual income below Rupees eight lakh, are to be identified as EWSs for benefit of reservation. Income shall also include income from all sources for the financial year prior to the year of application. o Also persons whose family owns or possesses any of the following assets shall be excluded from being identified as EWS, irrespective of the family income: o 1.5 acres of agricultural land and above o Residential area of 1000 sq ft. and above o Residential plot of 100 sq. yards and above in notified municipalities o Residential plot of 200 sq. yards and above in areas other than the notified municipalities o The property held by a Family in different locations or different places/cities would be clubbed while applying the land or property holding test to determine EWS status. o The term Family for this purpose will include the person who seeks benefit of reservation, his/her parents and siblings below the age",o Application Form o Ration Card/EPIC Card/Aadhar Card o Copy of IT Returns/Pay Slip o PAN card o Affidavit/Self declaration o Photo,0,200,0,0,0,0,0,0,1
194,1,Search - Gram Panchayat Tax Payment,Property,Search - Gram Panchayat Tax Payment,https://prd.wb.gov.in/,25,Panchayats & Rural Development Department,0,P,1,TRUE,""" https://www.gpms.wbprd.gov.in
1.  Click On Tax
2. Select the respective District, Block and Gram Panchayat
3. Enter the Unique ID (i.e. PAN, EPIC, Job Card No, Application ID, Driver. Licence. etc.)
4.  Details of Fees will be shown
5.  Select any one Payment Gateway (SBI, AXIS, HDFC Bank)
6. Make the Payment
7.  A receipt will be generated. Applicant may take the print out of the receipts
8. An SMS alert containing the Application No., will be sent to the applicant’s mobile no.""
","""For Online Process: Visit https://www.gpms.wbprd.gov.in
""
","""Every taxpayer at gram
panchayat level in West Bengal""
","Applicant’s ID No.
",18,200,0,0,0,0,0,0,1
195,1,Apply - Online Trade Registration,Property,Apply - Online Trade Registration,https://wbprdgpms.in/onlineTradeapplication.php,25,Panchayats & Rural Development Department,0,P,1,TRUE,"""Online Application For New Registration/
Renewal of Trade""
","1. Visit https://www.wbprdgpms.in
2.  Click On New Application For Trade Regn. Or Renewal Of Trade Regn.
3.  Fill up the Form and upload the documents mentioned in the form.
4 . Submit the application
","""Any Type of Trade Owner
""
","Applicant’s ID Proof, Tax Payment
proof, Land Record Details
",18,200,0,0,0,0,0,0,1
196,0,Apply - Citizens Grievance Redressal,eDistrict,Apply - Citizens Grievance Redressal,/edist/grievance-redressal-app,25,Panchayats & Rural Development Department,0,F,1,FALSE,"Online/Offline application any types of schemes/authority/service related grievance
","Through email or letter to appropriate authority
","Indian citizen, residing in West Bengal
","Applicant Name, Address, Phone Number & Grievance Details
",0,200,0,0,0,0,0,0,0
197,0,Information on Hasir Alo scheme,,,https://www.wbsedcl.in/irj/go/km/docs/internet/new_website/pdf/Tariff_Volumn/WBSEDCL_Hasir_Alo_Order_dated_31.03.2020.pdf,27,Power Department,0,I,0,FALSE,It aims to extend the electricity free of cost to every marginal section of the population of the state,NA (Based on Connecting Load and quarterly consumption),Domestic Consumers of WBSEDCL having a load demand of 0.3 KW and quarterly consumption upto 75 units,,18,200,0,0,0,0,0,0,0
198,0,Apply - New Electricity Connection of LT/HT Application,New Connection (L/T) - WBSEDCL,Apply - New Electricity Connection of LT/HT Application ,https://portal.wbsedcl.in/BSKSSO/NewConnectionSSO,27,Power Department,0,P,1,TRUE,Simplified procedure for application for new electrical service connection to different category of users,"STEP 1:- Log On WBSEDCL Portal Home page: https://www.wbsedcl.in select tab Consumer Corner > Connection Management > Online application > New Connection (LT Others). STEP 2 :- Click on New User link > self Registration for new connection STEP 3:- Fill the details: Name & Mobile Number. Next click on Generate OTP Button. An OTP will be sent to the Mobile Number. Here Mobile Number will be consumers User Name. STEP 4:- Fill up the OTP & then click on Validate Button. STEP 5:- Next Email ID & Password need to be filled up. Next, Click on Generate OTP button. An OTP will be sent to e-mail id. Put the OTP and Click on the Validate button. STEP 6:- After validation password need to be created and then Click Submit button. After submission the user will be created & a successful message will be shown. The Login credentials will be mailed to the respective mail id also. STEP 7:- Next Go to Login Page via following path: Consumer Corner > Connection Management > Online application > New Connection (LT Others). Provide Username (mobile number) & Password to Login to New Connection application page. Consumer Need to Click Connection for Individual. STEP 8:- Fill the Region/District & Customer Care Center Name & Connection Type and then Click Next button STEP 9:- Fill the General Information Applicant can choose Consumer Type between below types: Normal Individual Owner (In this case, applicant needs to fill up details & click Validate button) Flat Owner in a Housing/Commercial Complex (In this case, applicant needs to select his/her Housing/Commercial Complex from Complex List which has already been registered with WBSEDCL. Then applicant needs to select type of residence under that complex & fill up related information. Then click Validate button.) STEP 10:- Applicant need to fill up Load Information & then click on Verify Load button. STEP 11:- After load verification, applicant can upload required documents along with a passport size photo. For the same he/she needs to click Yes button in the related message box. Then upload below documents: Passport size photo of applicant:[Photo should be in .jpg/.jpeg format within size of 100KB] Passport/Voter ID/Telephone Bill [Fill should be in PDF format within size of 150KB] Land ownership document (Property Paper/Purchase Deed/Tenancy Deed/Tax Receipt of Panchayat/Municipality/others )[ Fill should be in PDF format within size of 300 KB] STEP 12:- Next click Submit All Details button to submit the application details. STEP 13:- New Connection Applied Successfully message will be shown along with the application no. Note it Down. STEP 14:- Quotation can be downloaded from Download EMD/Quotation Letter tab & the clicking Generate Quotation button & then click Download Quotation Letter button. Applicant can also Download Booklet for New Connection by clicking the related link. Filled up New Connection Booklet can also be downloaded from the Download Booklet for New Connection Button STEP 15: Quotation amount can be paid online by going to New Connection E-Pay tab. Then clicking STEP 16: By clicking on Pay Now button will show the various online payment modes available. o Consumer need to select Payment Gateway o Check I Agree With Terms and Conditions checkbox. o Click Confirm button o Then click Proceed to Pay button. o STEP 17:- Consumers can also e-pay the quotation amount via RTGS/NEFT through Website of respective Bank. In this E-collection procedure, LT customers of WBSEDCL can pay their quotation amount. There will not be any requirement of preregistration on the part of customers they can pay the quotation amount in the Virtual Bank Account following the below mentioned logic o BANK A/C NO: WBQ<9 DIGIT CUSTOMER ID><APPLICATION NO> IFSC CODE: ICIC0000104  o BANK: CMS, Branch of ICICI Bank Ltd.  o The whole process is integrated with Bank’s system using web-service call procedure and the payment posting for successful transactions has been scheduled automatically. For the failed transactions the bank will return the amount to the respective accounts of the payees wherefrom the amount has been remitted.  o STEP 18:- After successful payment of the Quotation amount the payment receipt can be generated from Payment Receipt tab.  o STEP 19:- Then submit all the hard copies along with necessary documents at concerned Customer Care Centre",Any adult citizen,o Passport/Voter ID/Telephone Bil o Land ownership document (Property Paper/Purchase Deed/Tenancy Deed/Tax Receipt of Panchayat/Municipality ),18,200,0,0,0,0,0,0,0
199,0,Apply - Payment of WBSEDCL Electricity Bill,Electricity Bill - WBSEDCL,Apply - Payment of WBSEDCL Electricity Bill,https://portal.wbsedcl.in/BSKOnlinePayment/OnlineBillPay.jsp,27,Power Department,0,P,1,TRUE, Simplified procedure for payment of domestic and commercial electricity bills of  WBSEDCL and  CESC Limited," Visit the nearest BSK, pay the bill in Cash, and get a 1% rebate additionally within the due date.", Any individual household having an electrical connection is eligible to pay the bill. , Monthly/Quarterly Bill having a valid Consumer ID.,18,200,0,0,0,0,0,0,0
200,0,Apply - New Workman Permit,Workman,Apply - New Workman Permit,https://edistrict.wb.gov.in/,27,Power Department,0,P,1,TRUE,"To create a pool of qualified personnel to comply with the provisions of the Electricity Act, 2003, Central Electricity Authority safety Regulations and related State Rules","After Citizen Registration in wb-edistrict, a citizen can select the Service for New Workman Permit and apply online, wherein details of required fees, qualifications, experiences, attachments are given.","o Qualifications & Experience: – As per Annexures in West Bengal Electrical Licensing Rule, 2017, www.wbpower.gov.in o in respect of Parts i(a), i(b) and (ii) of Annexure I, self-certification regarding working experience for a period of two years; o in respect of Parts (vii) and (viii) of Annexure I, permit relating to high pressure installation work and a valid permit in the corresponding class or classes (iv) and (v), respectively, pertaining to medium-pressure work as mentioned in clause (g) of Annexure I; o in respect of any other Part of Annexure I, documents or certificates indicating working experience in operation and maintenance for a minimum period of two years in Generation, transmission and distribution companies or electrical installations including factory, where more than 250 Kilo Watt(KW) electrical load is connected / under an electrical licensed contractor or received other electrical training as a workman for a minimum period of two years; o (2)A candidate for a Workmans Permit shall attain the age not below 20 years as on date of application.","(a) Age proof, (b) Aadhar Card, (c) Qualification, (d) Experience as mentioned in (iv).",18,200,0,0,0,0,0,0,0
201,0,Apply - New Electrical Supervisor License,License - WBSEDCL,Apply - New Electrical Supervisor License,https://edistrict.wb.gov.in/,27,Power Department,0,P,1,TRUE,"To create a pool of qualified personnel to comply with the provisions of the Electricity Act, 2003, Central Electricity Authority Safety Regulations and related State Rules.","After Citizen Registration in wb-edistrict, a citizen can select the Service for New Electrical Supervisor Licence and apply online, wherein details of required fees, qualifications, experiences, attachments are given.","o Qualifications & Experience: Details are as per West Bengal Electrical Licensing Rule, 2017, www.wbpower.gov.in o Passed Madhyamik Pariksha or its equivalent examination from any recognised board or council; o Passed the examination for electrical workman in the corresponding class; o Minimum of 8 (eight) years of practical experience out of which 2 years as workmen and remaining 6 years in supervising nature of job which is regarded as satisfactory by the Board; o Attain minimum age of 26 years of age as on the date of application: o Degree or Diploma Certificate in Electrical Engineering from recognised college or institution and subsequent to the Degree or Diploma course has completed one year experience or three years of experience respectively and attained minimum age of 23 years.","(a) Age proof, (b) Aadhar Card, (c) Qualification, (d) Experience as mentioned in (iv).",23,200,0,0,0,0,0,0,0
202,1,Apply - Renewal of Electrical Supervisor License,License - WBSEDCL,Apply - Renewal of Electrical Supervisor License,https://edistrict.wb.gov.in/,27,Power Department,0,P,1,TRUE,To enable the Electrical Supervisor Licence holders to renew their Permits through online application and delivery system.,"After Registration in wb-e-district with own id & password, an individual can select the Service for Renewal of Electrical Supervisor Licence and apply online.","o A valid Electrical Supervisor Licence, (b) Electrical Supervisor Licence is valid upto the age of 70 years.","(a) Age proof, (b) Aadhar Card, (c) Qualification, (d) Experience as mentioned in (iv).",23,70,0,0,0,0,0,0,1
203,0,Apply - Contractors License,License - WBSEDCL,Apply - Contractors License,https://edistrict.wb.gov.in/,27,Power Department,0,P,1,TRUE,"To create a pool of experienced Electrical Agencies to have a Contractor Licence to comply with the provisions of the Electricity Act, 2003, Central Electricity Authority safety Regulations and related State Rules.","After Registration in wb-edistrict, an applicant can select the Service for New Contractor Licence and apply online, wherein details of required fees, requirements, attachments are given.","o A person or firm who has in his possession the instrument necessary for carrying out the test for class or classes of work for which he is engaged under such conditions. o A person or firm holding a Supervisors Certificate of Competency and executing or supervising all works undertaken by such person or firm. o A person or firm employing a Supervisor having a Certificate of Competency and under whose supervision all works are undertaken by such persons or firm, o A valid Trade Licence, Bank Account in the name of the Firm.","o Valid Trade Licence of the firm. (*) o Insulation Tester Purchase Voucher (500V or 1000V and 2500 or 5000V). (*) o Earth Tester Purchase Voucher (1 to 10 ohms). (*) o Bank Certificate mentioning Name of the Firm, Name of the Owner(s) of Account, o Current Account Number and Current Balance. (*) o Appointment letter of Supervisor(s). (*) o Supervisor’s Declaration. (*) o Owners Declaration (Affidavit and on own Letter-pad). (*) o Professional Tax: Challan and Certificate of Enrolment (Firm and Supervisor). (*) o Identity proof (Aadhar or Voter’s EPIC) of all the Owners. (*) o Pan Card of the Firm and Owner(s). (*) o Registered Deed of Partnership. o Memorandum of Article or Association (Copy) and List of Directors from ROC website - Downloaded. o Power of Attorney from MD/CS to any designated Employee – In case of Limited company (Registered or Magistrate). o Power of Attorney from All Directors to any One Director or Company Secretary – in case of Private Limited Company (Registered or Magistrate. o AGM resolution and registered certificate (Bye-law) for co-operative society clearly notified Signatory (Applicant and Receiver of Contractors Licence). o Recent Passport Size colour Photograph of Firms Representative which would appear on the Licence. The Photograph needs to be signed by the person. o S.C.C Licence(s) to be uploaded for each staff member working for the firm. (*) o Latest Test report for the reported Megger obtained from National Accreditation Board for Testing and Calibration Laboratories (NABL) accredited laboratory (if applying with old Megger). o Latest Test report for the reported Earth tester obtained from National Accreditation Board for Testing and Calibration Laboratories (NABL) accredited laboratory (if applying with old earth tester). o Manufacturers test report for Megger (if applying with new Megger). o Manufacturers test report for Earth Tester (if applying with new earth tester).",18,200,0,0,0,0,0,0,0
204,1,Apply - Renewal of Workman Permit,Workman,Apply - Renewal of Workman Permit,https://edistrict.wb.gov.in/,27,Power Department,0,P,1,TRUE,To enable the Electrical Workman Permit holders to renew their Permits through online application and delivery system.,"After Citizen Registration in wb-edistrict with own id & password, a citizen can select the Service for Renewal of Workman Permit and apply online.","Applicant should have valid Electrical Workman Permit o A valid Workman Permit, (b) Workman Permit is valid upto the age of 65 years.","(a) Age proof, (b) Aadhar Card, (c) Qualification, (d) Experience as mentioned in (iv).",18,65,0,0,0,0,0,0,1
218,1,Search - Muktidhara Scheme Information ,Scheme,Search - Muktidhara Scheme Information ,https://www.shgsewb.gov.in/shgportal/muktidhara,30,Self-Help Group & Self- Employment Department,0,I,1,FALSE,"It aims to create and maintain sustainable livelihood of SHG members. It is available in 1. Purulia, 2. Paschim Medinipur, 3. Purba Medinipur, 4. Jhargram, 5. Howrah, 6. Purba Bardhhaman, 7. Paschim Bardhhaman, 8. Murshidabad, 9. Birbhum, 10. Nadia, 11. Hooghly, 12. North 24 Parganas, 13. South 24 Parganas.",Plain paper application to the BDO/ District SHG &SE Officer mentioning Bank account details and contact number.,"No bar of age, education or income",Bank account details of the applicant,0,200,0,0,0,0,0,0,1
387,1,Download - Certificate of Insecticide License,Insecticide License,Download - Certificate of Insecticide License,https://agriinput.matirkatha.net/bsk/bsk_farmers,2,Agriculture Department,0,F,1,FALSE,,,,,18,200,0,0,0,0,0,0,1
205,1,New National Supervisor Certificate,,,https://edistrict.wb.gov.in/,27,Power Department,0,P,0,TRUE,"To create a pool of qualified personnel to comply with the provisions of the Electricity Act, 2003, Central Electricity Authority Safety Regulations and related State Rules.","After an applicants Registration in wb-edistrict, the individual can select the Service for New National Supervisor Licence and apply online, wherein details of required fees, qualifications, experiences, attachments are given.","o Qualifications & Experience: Details are as per West Bengal Electrical Licensing Rule, 2017, www.wbpower.gov.in o Submit testimonials relating to Degree or Diploma in Engineering Disciplines or National Council for Training in Vocational Trades (NCTVT) or its equivalent from any recognised board or council; o Possess approved practical experience of not less than ten years in electrical installation work: o Maximum age of 65 years","(a) Age proof, (b) Aadhar Card, (c) Qualification, (d) Experience as mentioned in (iv).",20,65,0,0,0,0,0,0,1
206,1,Renewal of National Supervisor Certificate,,,https://edistrict.wb.gov.in/,27,Power Department,0,P,0,TRUE,To enable the Electrical National Supervisor Certificate holders to renew their Certificates through online application and delivery system.,"After Registration in wb-e-district with own id & password, an applicant can select the Service for Renewal of Electrical National Supervisor Licence and apply online.","• A valid Electrical National Supervisor Licence, (b) Electrical Supervisor Licence is valid upto the age of 70 years only.",(a) Copy of Original Electrical National Supervisor Licence.,20,70,0,0,0,0,0,0,1
207,0,Apply - Permission for Erection of New Lift,Lift,Apply - Permission for Erection of New Lift,https://edistrict.wb.gov.in/,27,Power Department,0,P,1,TRUE,"To enable the Owner of the Lift Installations to provide legal Permission to install a lift, through online application and delivery system.","After applicants Registration in wb-edistrict, an applicant can select the Service for Permission for erection of new lift and apply online, wherein details of required attachments are given.","Details are as per West Bengal Lift Rule, 1958, www.wbpower.gov.in o Layout of lift installation o Approved sanction plan from the concerned Authority showing: o Installation diagram from the erecting firm in accordance with the Sanction Plan, o Proof of ownership",,18,200,0,0,0,0,0,0,0
208,0,Apply - New Lift Attendant Authorization,Lift,Apply - New Lift Attendant Authorization,https://edistrict.wb.gov.in/,27,Power Department,0,P,1,TRUE,"To create a pool of qualified personnel to comply with the provisions of the Electricity Act, 2003, Central Electricity Authority safety Regulations and related State Rules","After Registration in wb-edistrict, an applicant can select the Service for New Lift Attendant Authorisation and apply online, wherein details of required fees, qualifications, experiences, attachments are given.","o Qualifications & Experience: Details are as per West Bengal Lift Rule, 1958, www.wbpower.gov.in o who is not under 19 years of age, o who is physically fit and possess a good eyesight, good hearing and does not suffer from any mental disease, and o who has experience in lift operation","(b) Aadhar Card, (c) Qualification, (d) Experience as mentioned in (iv).",19,200,0,0,0,0,0,0,0
209,0,Apply - New Lift Owners License,Lift,Apply - New Lift Owners License,https://edistrict.wb.gov.in/,27,Power Department,0,P,1,TRUE,"To enable the Owner of the Lift Installations to operate the lift, through online application and delivery system.","After applicant Registration in wb-edistrict, an applicant can select the Service for New lift owners licence and apply online, wherein details of required fees, attachments are given.","Details are as per West Bengal Lift Rule, 1958, www.wbpower.gov.in o Layout of lift installation o Approved sanction plan from the concerned Authority showing: o Installation diagram from the erecting firm in accordance with the Sanction Plan, o Proof of Ownership o Detail Electrical circuit diagram o Duly filled up electrical test form by authorised electrical contractor o Manufacturer test certificates.",,19,200,0,0,0,0,0,0,0
210,1,Apply - Renewal of Lift Owners License,Lift,Apply - Renewal of Lift Owners License,https://edistrict.wb.gov.in/,27,Power Department,0,P,1,TRUE,"To enable the Owner of the Lift Installations to renew his lift licence, through online application and delivery system.","After Registration in wb-edistrict, an applicant can select the Service for Renewal of lift owners licence and apply online, wherein details of required fees, attachments are given.","Details are as per West Bengal Lift Rule, 1958, www.wbpower.gov.in  o Valid Lift Owners Licence o Valid Annual Maintenance Contract of maintaining the lift through licences lift maintenance firms",,19,200,0,0,0,0,0,0,1
211,1,Search - Drinking Water Schemes,Public Health,Search - Drinking Water Schemes,https://www.wbphed.gov.in/en/pages/vision-2020,28,Public Health Engineering Department,0,I,1,FALSE,It is a Functional Household Tap Connection project aiming to provide pipeline-based water supply to rural households.,Any interested citizen of the State of West Bengal,,,0,200,0,0,0,0,0,0,1
212,1,Cooked Mid-Day Meal Project,,,https://mdm.wbsed.gov.in/,29,School Education Department,0,I,0,FALSE,It aims to improve nutritonal status of children and reduce drop-outs,,"Pre-primary to Class VIII, 5 to 14 age group, no income bar",,5,14,0,0,0,0,0,0,1
213,0,Information on teachers' service appointment related matters,,,https://banglarshiksha.gov.in/Frontend/about_dse,29,School Education Department,0,I,0,FALSE,"Information about selection examinations, result dates and website for checking exam results.",,,,0,200,0,0,0,0,0,0,0
214,0,Apply - SSC Examination Application,School,Apply - SSC Examination Application,https://banglarshiksha.gov.in/Frontend/about_dse,29,School Education Department,0,F,1,FALSE,"To provide information about advertisements related to SSC openings, dates of application and details about the selection examination.",,,,18,40,0,0,0,0,0,0,0
215,0,Information on admission/ scholarships/ correction of mark sheets,,,https://banglarshiksha.gov.in/Frontend/about_dse,29,School Education Department,0,I,0,FALSE,"Providing information about admission process of government schools, eligibility criteria for different scholarship programs for school students.",,,,15,200,0,0,0,0,0,0,0
216,0,Online submission of UDISE data,,,http://202.61.117.128/login,29,School Education Department,0,F,0,FALSE,"The citizens can access U-DISE (Unified District Information System for Education) is a database about schools in India. The database was developed at the Department of School Education, MHRD, Govt. of India and maintained by National Informatics Centre, Govt. of India. It records information such as the level of dropouts and the condition of school toilets.",,,,15,200,0,0,0,0,0,0,0
217,0,Apply - NOC for self-financed schools Application,School,Apply - NOC for self-financed schools Application,https://banglarshiksha.gov.in,29,School Education Department,0,F,1,FALSE,"To submit proper application to the DSE, WB through the DI/S (SE & PE)
","""Offline through
DI/S of concerned district.""
","""As per West Bengal Right of
Children to Free and Compulsory Education Rules, 2012.""
","As per West Bengal Right of Children to Free and Compulsory Education Rules, 2012
",18,200,0,0,0,0,0,0,0
378,0,Apply - New Conductor Licence Application ,Conductor Licence,Apply - New Conductor Licence Application ,https://sarathi.parivahan.gov.in/sarathiservice/CSCAgencyAuthService.jsp,33,Transport Department,1,P,1,TRUE,,,,"1. Fill Applicant/Request Details
2. Upload Documents (if required)
3. Upload Photo and Signature if required (applicable only in certain states)
4. Payment of Fee",18,200,0,0,0,0,0,0,0
219,0,Apply - SVSKP Application ,Scheme,Apply - SVSKP Application ,https://www.shgsewb.gov.in/svskp/home,30,Self-Help Group & Self- Employment Department,0,F,1,FALSE,It aims to provide credit linkage from Banks and subsidy for viable economic activities of SHGs and Entrepreneurs,"Applications forms are to be obtained from the Prakalpa Sahayak, SHG&SE Supervisor posted at Block/ Sub Division","Unemployed young persons, within the age group of 18 to 45 years and an income ceiling of Rs.15,000/- per month for the family. Age may be condoned up to 5 years on very cogent need, case to case.","Bank account details of the applicant, age proof, income proof",18,45,0,0,0,0,0,0,0
220,0,Apply - WBSSP Application ,Scheme,Apply - WBSSP Application ,https://www.shgsewb.gov.in/wbsspadmin/login,30,Self-Help Group & Self- Employment Department,0,F,1,FALSE,"It aims to reduce the interest burden such that, the SHGs having taken Cash Credit loans from Banks do not have to pay more than 2% of interest by way of Government subvention.",No separate application is needed. Data collected from the Nodal Banks and subvention assistances are provided via Direct Benefit Transfer [DBT].,"No bar of age, education or income","Bank details, Adhaar Card",18,200,0,0,0,0,0,0,0
221,0,Utkarsh Bangla,,,https://www.pbssd.gov.in/,31,"Technical Education, Training & Skill Development Department",0,F,0,FALSE,,,,,0,200,0,0,0,0,0,0,0
222,0,Swapno Bhor,,,https://www.pbssd.gov.in/swapno_bhor,31,"Technical Education, Training & Skill Development Department",0,F,0,FALSE,,,,,0,200,0,0,0,0,0,0,0
223,0,Admission to Polytechnics first year- JEXPO,,,http://www.wbtetsd.gov.in/slider_content/directorate_of_technical_education_training,31,"Technical Education, Training & Skill Development Department",0,F,0,FALSE,,,,,15,35,0,0,0,0,0,0,0
224,0,Apply - Registration of Candidates for VOCLET,VOCLET,Apply - Registration of Candidates for VOCLET,https://sctvesd.wb.gov.in/api_rest_server/bsk/bsk_response/online_application_response,31,"Technical Education, Training & Skill Development Department",0,P,1,TRUE,It aims to conduct examination for admission in the 2nd year of Diploma in Engineering Course in 34 disciplines on Technical Education,o online submission of personal data step by step and payment of application through the website as per guidance given in the website-webscte.co.in. after verification of mobile number of applicant through OTP. o Offline submission of filled up OMR sheet with the personal data after purchasing of OMR sheet from the Institutes as per order of Council.,o No age limit. o Must have passed or appeared the (10+2) Examination of the West Bengal State Council of Technical & Vocational Education & Skill Development o ( WBSCT&VE&SD) or having passed 2 years ITI after passing Madhyamik or equivalent examination. ITI trades must be of continuous 2 years duration and a single certificate should mention that.,Certificates related to reservations under Government norms.,16,35,0,0,0,0,0,0,0
225,0,Admission to ITIs- Craftsman training,,,http://www.wbtetsd.gov.in/slider_content/directorate_of_industrial_training,31,"Technical Education, Training & Skill Development Department",0,F,0,FALSE,,,,,15,60,0,0,0,0,0,0,0
226,0,Admission to ITIs Apprenticeship Training,,,http://www.wbtetsd.gov.in/slider_content/directorate_of_industrial_training,31,"Technical Education, Training & Skill Development Department",0,F,0,FALSE,,,,,15,60,0,0,0,0,0,0,0
227,0,All India Trade Test,,,http://www.rdsdewbgov.in/pages.php?slug=8,31,"Technical Education, Training & Skill Development Department",0,F,0,FALSE,,,,,15,60,0,0,0,0,0,0,0
228,1,Search - WBTDCL Properties Booking,Tourism Services,Search - WBTDCL Properties Booking,https://wbtdcl.wbtourismgov.in/home,32,Tourism Department,0,P,1,TRUE,"Issue of recognition certificates to the tour operators & travel agents of West Bengal
","""Applicant may apply online as per the prescribed format in e-District
platform""
","""1. The applicant must have a capital of Rs. 1.00 lakh supported by the latest
audited balance sheet/Chartered Accountant’s certificate and the turnover
from the tour operations should be a minimum of Rs. 5.00 lakh.
2. The operator/agency should have been in operation for a minimum period of 2
years at the time of submission of application.
3.  The office of the operator/agency shall be located in neat and clean surroundings and shall be equipped with telephone, fax and computer reservation system etc. There shall be sufficient space for reception and easy access to toilets.
4.  The tour operator/agency shall be under the charge of a full time member of
their  staff who is adequately trained/experienced in matters regarding transport, accommodation, currency, customs regulations and general
information about travel and tourism related service.
5. The tour operator/agency shall have valid trade licence from local Municipality/Panchayat/Corporation.
6. The tour operator/agency shall have to be an income tax assesse and should have filed income-tax return up-to-date.
7.  The tour operator/agency should employ only Regional Guides and licensed by Government of India or Government of West Bengal.""
","""1. Applicant’s photo identity proof along with address (Voter card, Aadhar card,
Passport, Driving Licence).
2.  Photo identity proof along with address (Voter card, Aadhar card, Passport,
Driving License) of all partners/directors in case of partnership/private limited/
limited company.
3. Photo identity proof along with address (Voter card, Aadhar card, Passport,
Driving License) of all staffs.
4. Initial Trade License. 
5.  Last renewed Trade License.
6. Introductory letter from bank with which the tour operator/agency is having
current account. 
7.  Bank statement of last 6 months.
8. Audited Statements (balance sheet and profit & loss statement pertaining to
tour operation business) for the last 2 completed nancial years for the
calendar year immediately preceding the date of submission of the application.
9. Income Tax certificate of last 2 years.
10. Service Tax certificate of last 2 years. 
11.  Professional Tax certificate of last 2 years.
12. Detailed report of tours conducted/arranged during last 2 years.
13.  Rent Agreement and rent receipts of last 2 years or deed and tax receipts of last 2 years
14. Self-declaration and self-attestation of the applicant stating that the agency is
not convicted under any offence under any law of the land and declared
insolvent by competent Court. ""
",15,200,0,0,0,0,0,0,1
229,1,Search - West Bengal Homestay,Tourism Services,Search - West Bengal Homestay,https://wbtourism.gov.in/home/home_stay,32,Tourism Department,0,P,1,TRUE,"Issue of recognition certificates to the tour operators & travel agents of West Bengal
","""Applicant may apply online as per the prescribed format in e-District
platform""
","""1. The applicant must have a capital of Rs. 1.00 lakh supported by the latest
audited balance sheet/Chartered Accountant’s certificate and the turnover
from the tour operations should be a minimum of Rs. 5.00 lakh.
2. The operator/agency should have been in operation for a minimum period of 2
years at the time of submission of application.
3.  The office of the operator/agency shall be located in neat and clean surroundings and shall be equipped with telephone, fax and computer reservation system etc. There shall be sufficient space for reception and easy access to toilets.
4.  The tour operator/agency shall be under the charge of a full time member of
their  staff who is adequately trained/experienced in matters regarding transport, accommodation, currency, customs regulations and general
information about travel and tourism related service.
5. The tour operator/agency shall have valid trade license from local Municipality/Panchayat/Corporation.
6. The tour operator/agency shall have to be an income tax assesse and should have filed income-tax return up-to-date.
7.  The tour operator/agency should employ only Regional Guides and licensed by Government of India or Government of West Bengal.""
","""1. Applicant’s photo identity proof along with address (Voter card, Aadhar card,
Passport, Driving Licence).
2.  Photo identity proof along with address (Voter card, Aadhar card, Passport,
Driving Licence) of all partners/directors in case of partnership/private limited/
limited company.
3. Photo identity proof along with address (Voter card, Aadhar card, Passport,
Driving License) of all staffs.
4. Initial Trade License. 
5.  Last renewed Trade License.
6. Introductory letter from bank with which the tour operator/agency is having
current account. 
7.  Bank statement of last 6 months.
8. Audited Statements (balance sheet and profit & loss statement pertaining to
tour operation business) for the last 2 completed financial years for the
calendar year immediately preceding the date of submission of the application.
9. Income Tax certificate of last 2 years.
10. Service Tax certificate of last 2 years. 
11.  Professional Tax certificate of last 2 years.
12. Detailed report of tours conducted/arranged during last 2 years.
13.  Rent Agreement and rent receipts of last 2 years or deed and tax receipts of last 2 years
14. Self-declaration and self-attestation of the applicant stating that the agency is
not convicted under any offence under any law of the land and declared
insolvent by competent Court. ""
",15,200,0,0,0,0,0,0,1
230,0,Cancellation of Registration of approved Tour Operator,,,,32,Tourism Department,0,F,0,FALSE,,,,,18,200,0,0,0,0,0,0,0
231,0,Apply - Integrated City Pass,Tourism Services,Apply - Integrated City Pass,https://discoverkolkata.wb.gov.in/DKWebApp/,32,Tourism Department,0,P,1,TRUE,,,,,18,200,0,0,0,0,0,0,0
232,0, Apply: Gatidhara,,,https://employmentbankwb.gov.in/gatidhara.php,33,Transport Department,0,F,0,FALSE,It aims encourage self-employment by providing one-time financial support to procure a three or four-wheeler vehicle.,"Vehicle dealers are authorised facilitators of the scheme. Applicant should get his application processed by the dealer of his choice, with all documents.","1. The age limit should be between 20-45 years old (relaxation of 5 years for SC or ST and 3 years for OBC); 2. Monthly family incomes should be less than Rs 25,000; 3. Only one member per family;","Income proof, address proof, licence copy, photo, quotation of vehicle, proof of bank account, affidavit in prescribed format, proof of enrolment in employment bank.",20,50,0,0,0,0,0,0,0
260,0,"Payment of Property Tax (PD, FS and Outstanding)",,,https://www.kmcgov.in/KMCPortal/jsp/KMCPortalHome1.jsp,35,Urban Development and Municipal Affairs Department,0,P,0,TRUE,"Collection of Property Tax as revenue earning
","""Payments may be made online through KMC web portal https://www.kmcgov.in and KMC Mobile App. Payments may be made oine at any of the Common Collection Centres
of the KMC.""
","Any residence under KMC
","Any document (Current/Old Demand Notice, Old Receipt) having valid Assessee Number of the Tax Payer.
",18,200,0,0,0,0,0,0,0
388,1,Search - Application Status,Rupashree Prakalpa,Search - Application Status,https://wbrupashree.gov.in/admin/Login/,39,Women & Child Development and Social Welfare Department,1,F,1,FALSE,,,,,0,200,0,0,0,0,0,0,1
233,0,Apply - Driving Licence,Sarathi,Apply - Driving Licence,https://sarathi.parivahan.gov.in/sarathiservice/CSCAgencyAuthService.jsp,33,Transport Department,1,P,1,TRUE,"For a Two, Three, Four or more-wheelers, a driving license is required, provided by the Dept. of Transport. ","Through the online portal SARATHI, a citizen can apply with some supporting documents such as a photo and signature and book for DL test slots, pay fees online, verify the payment status and print the receipt.  ",All ordinary adult residents holding a valid learner license are eligible for a new driving license and a valid license that tends to expire for renewal.  ,"For new driving license, learner license, and renewal of old driving license, a file containing photograph and signature.",18,60,0,0,0,0,0,0,0
234,1,Apply - Renewal of Driving Licence,Sarathi,Apply - Renewal of Driving Licence,https://sarathi.parivahan.gov.in/sarathiservice/CSCAgencyAuthService.jsp,33,Transport Department,1,P,1,TRUE,Provide online easy online service relating to driving licence without multiple office visit.,"1)Click the relevant service tab to open https://parivahan.gov.in/parivahan/ 2)Go to Online services tab and select Driving licence related services 3)Select State Name as West Bengal from drop down menu to open page https://sarathi. parivahan.gov.in/sarathiservicecov3/stateSelection.do?stCd=WB 4)Select New Driving License or Services on DL sub-menu under Driving license menu for new or renewal of driving licence respectively.5)Click Continue to fill up applicant details, upload documents, photo and signature, DL test slot booking, payment of fee online, verify the pay status and print the receipt.",1) All adult ordinary resident; 2)Holding valid learner licence for new driving licence and valid licence tending to expire for renewal of driving licence;,"For new driving licence, learner licence and for renewal old driving licence; file containing photograph and signature;",18,60,0,0,0,0,0,0,1
235,0,Apply: new of conductor licence,,,https://sarathi.parivahan.gov.in/sarathiservicecov27/stateSelection.do?stCd=WB,33,Transport Department,0,P,0,TRUE,Provide online easy service relating to conductor licence without multiple office visit.,"1) Click the relevant service tab to open https://parivahan.gov.in/parivahan/ 2)Go to Online services tab and select Driving licence related services and thereafter select Conductor license. 3)Select State Name as West Bengal from drop down menu to open page https://sarathi.parivahan.gov.in/sarathiservicecov3/stateSelection.do?stCd =WB 4)Select New Conductor License or Services on Conductor License sub-menu under Conductor licence menu for new/ renewal of driving licence respectively. 5)Click Continue to fill up applicant details, upload documents, photo and signature, 6)Payment of fee online, 7)Verify the pay status 8)Print the receipt.",1)Citizen of India; 2)Aged above 18 years and medically fit; 3)Minimum Class IV education;,Proof of age above 18 years and medically fit; minimum Class IV education;,18,60,0,0,0,0,0,0,0
236,1,Apply: renewal of conductor license,,,https://sarathi.parivahan.gov.in/sarathiservicecov27/stateSelection.do?stCd=WB,33,Transport Department,0,P,0,TRUE,Provide online easy service relating to conductor licence without multiple office visit.,"1) Click the relevant service tab to open https://parivahan.gov.in/parivahan/ 2)Go to Online services tab and select Driving licence related services and thereafter select Conductor license. 3)Select State Name as West Bengal from drop down menu to open page https://sarathi.parivahan.gov.in/sarathiservicecov3/stateSelection.do?stCd =WB 4)Select New Conductor License or Services on Conductor License sub-menu under Conductor licence menu for new/ renewal of driving licence respectively. 5)Click Continue to fill up applicant details, upload documents, photo and signature, 6)Payment of fee online, 7)Verify the pay status 8)Print the receipt.",1)Citizen of India; 2)Aged above 18 years and medically fit; 3)Minimum Class IV education;,Proof of age above 18 years and medically fit; minimum Class IV education;,18,60,0,0,0,0,0,0,1
237,0,Apply: registration of vehicles/ two-wheelers,,,https://vahan.parivahan.gov.in/vahanservice/vahan/ui/statevalidation/homepage.xhtml,33,Transport Department,0,P,0,TRUE,Provide online easy service relating to vehicle/two-wheelers/ three-wheeler etc. registration without multiple office visit.,Application for registration of new motor vehicles shall be made only through concerned authorised dealers.,Owner of vehicle/two-wheelers/ three-wheeler etc. requiring registration under M V Act.,"1) Form 20,21,22,22A o Address Proof 2)Identity Proof 3)Garage Address Proof (in case of Transport Vehicle) 4)Insurance 5)Offer Letter (in case of passenger carrying Transport Vehicle) etc to be uploaded by dealer",18,200,0,0,0,0,0,0,0
238,1,Apply: addition/ alternation/modification of entry in blue book,,,https://vahan.parivahan.gov.in/vahanservice/vahan/ui/statevalidation/homepage.xhtml,33,Transport Department,0,P,0,TRUE,Provide online easy or smart citizen centric service relating to addition or alternation or modification of entry in registration certificate without multiple office visit.,"1)Click the relevant service tab to openhttps://parivahan.gov.in/parivahan/ 2)Go to Online services tab and select Vehicle related services; 3)Select Other State and then select state name as West Bengal and select RTO from drop down menu.4) Click Log on to Avail Services to select various services 5)Select Basic Service sub-menu under Online service menu. 6)Fill up Registration No. and Chassis Number (Last 5 digit) and click for validation.7)Continue to fill up applicant details, upload documents, photo and signature (as applicable).8)Payment of fee online.9) Verify the pay status 10)Print the receipt",Holding valid registration certificate;,,18,200,0,0,0,0,0,0,1
239,0,permit of contract carriage info,,,https://vahan.parivahan.gov.in/onlinepermit/vahan/loginpage.xhtml,33,Transport Department,0,I,0,FALSE,It aims towards dissemination of information for Application of permit of contract carriage.,The applicant is required to apply offline to the local RTA or STA for inter-district and inter-State Contact carriage permit in prescribed form with supporting documents and prescribed fee. The back end processing of application is done online.,Owner of commercial vehicle (contract carriage),As may be prescribed.,18,200,0,0,0,0,0,0,0
240,0, Jaladhara scheme,,,https://transport.wb.gov.in/wp-content/uploads/2017/06/2926-WT-3W-13-2017.pdf,33,Transport Department,0,F,0,FALSE,,,,,0,200,0,0,0,0,0,0,0
241,0,Info - Jai Johar Pension Scheme Application,Scheme,Info - Jai Johar Pension Scheme Application,https://wb.gov.in/,34,Tribal Development,0,F,1,FALSE,"It aims to provide financial assistance to the poor old age ST persons above 60 yrs of age of the state (Test)
    ","The pensioner has to attend the BDO’s office with documents and meet the designated officer. Block office will arrange for submission of online application of the applicant. For municipal areas SDO is the designated officer, who will arrange for submission of the application online
    ",Any ST person of WB above 60 yrs of age. The age to be considered on the date of application. Persons who are not receiving any social security pension or any other pension from any authority.,Digital Ration Card,60,200,0,1,0,0,0,0,0
379,1,Apply - Renewal of Conductor Licence Application ,Conductor Licence,Apply - Renewal of Conductor Licence Application ,https://sarathi.parivahan.gov.in/sarathiservice/CSCAgencyAuthService.jsp,33,Transport Department,1,P,1,TRUE,,,,"1. Fill Applicant/Request Details
2. Upload Documents (if required)
3. Upload Photo and Signature if required (applicable only in certain states)
4. Payment of Fee",18,60,0,0,0,0,0,0,1
242,0,Apply - Payment of Municipal & Corporation Tax,UDMA,Apply - Payment of Municipal & Corporation Tax,https://bsk.wb.gov.in/udma,35,Urban Development and Municipal Affairs Department,1,P,1,TRUE,"To facilitate municipal property tax payers (assesses) to pay their due Municipal Property Tax online without visiting Municipal office.
","The intending tax payer is to search his holding after selecting his district, ULB name, Ward  number, Location in the portal www.holdingtax.co.in and to get the tax due position, quarter wise. The taxpayer may pay his tax for a single quarter or more than one quarter by clicking the amount tab.
","The tax payer must be a valid assessee of the concerned Municipality/Municipal Corporation whose database are connected with the Online Property Tax portal of the UD&MA Department (www.holdingtax.co.in)
","Only the last Property Tax Payment receipt to know either the Assessee number or the Ward number and holding number of the Assessee.
",18,200,0,0,0,0,0,0,0
243,0,Application for mutation of holding in municipality/ Municipal Corporation,UDMA,Apply - Online Mutation in Municipalities & Municipal Corporation,http://wburbanservices.org/,35,Urban Development and Municipal Affairs Department,0,P,1,TRUE,"To facilitate municipal property tax payer (assesee) to mutate his/her name in the Assessment Register of the Municipality/Municipal Corporation by submission of oine application to the Municipality/Municipal Corporation along with the required documents.
","""The intending applicant for mutation has to fill up a Mutation application form and to submit to the Municipality/Municipal Corporation along with the copy of the land
deed/chain deed/any document conrming the title of the holding , Land Records of Right (ROR), Conversion certificate, Completion/Occupancy
certificate issued by the Municipality /Municipal Corporation , an affidavit
regarding the ULC, receipt of the fees paid etc.""
","""The applicant must be an ordinary resident of the Municipality/Municipal Corporation area and he/she must be the owner/lessee of any municipal holding having valid title and
possession in that holding.""
","RoR, Up-to-date tax clearance etc.
",18,200,0,0,0,0,0,0,0
244,1,Search - e-Services Information of Municipal / Urban services,UDMA,Search - e-Services Information of Municipal / Urban services,http://www.wburbanservices.gov.in/page/cms/e-service,35,Urban Development and Municipal Affairs Department,1,P,1,TRUE,"To facilitate municipal property tax payer (assesee) to know the different services (online) rendered by the Municipality/ Municipal Corporation concerned and to apply onine by submission of onine application.
","The applicant for getting the different municipal/urban services has to  fill up specific application form and to submit to the Municipality/Municipal Corporation offine along with the requisite fees etc.
","The applicant must be an ordinary resident and tax payer (assessee) of the Municipality/Municipal Corporation area and he/she must be the owner/lessee of any municipal holding having valid title and possession in that holding.
","NA
",0,200,0,0,0,0,0,0,1
245,0,Information for sanction of Building Plans and development permission by KMDA,,,https://edistrict.wb.gov.in/wb_userManual/resources/UM/PACE/WB__eDistrict_User_Manual_Applicant_Sanction_of_Building_Plans_and_development_permission_by_KMDA.pdf,35,Urban Development and Municipal Affairs Department,0,F,0,FALSE,,,,,18,200,0,0,0,0,0,0,0
246,0,Apply - Sanction of Water Connection by ADDA,ADDA,Apply - Sanction of Water Connection by ADDA,https://addaonline.in/,35,Urban Development and Municipal Affairs Department,0,P,1,TRUE,Any industry where water supply of ADDA is available may apply.,Application is to be made Online through the e-District portal of the Government of West Bengal on submission of e-Form along with requisite documents. b. On receipt of Application and after due verification a notification will be sent to the applicant for joint inspection through email/ SMS. c. Thereupon fees for new connection will be assessed and Demand will be raised. On completion of Payment procedure new connection will be established and notification will be sent for completion through email/SMS to the applicant.,Any industry where water supply of ADDA is available may apply,"Deed of Registration b. Approved Building Plan c. Possession Certificate/NOC issued from Competent Authority d. Identity Document (PAN/VOTER CARD/AADHAR) e. Water requirement as per sanctioned DPR.
    ",18,200,0,0,0,0,0,0,0
247,0,Apply - Sanction of Water Connection  for Industrial Building in Municipal Areas,UDMA,Apply - Sanction of Water Connection  for Industrial Building in Municipal Areas,http://edistrict.wb.gov.in/,35,Urban Development and Municipal Affairs Department,0,P,1,TRUE,To facilitate municipal property tax payer (assessee) of the Industrial holding to get the water connection of the water supply of the concerned Municipality/Municipal Corporation.,"After getting Occupancy Certificate from e-District portal (https://edistrict.wb.gov.in)Applicant can apply Online for water connection for Industrial Building in Municipal area through login in e-District Portal. When Applicant will fill up the Approved Building Permit No. and Building Permit Approval date, Application form will appear with the basic information already submitted by the applicant. After filling up the application form and uploading necessary supporting documents applicant can submit the application and will get application acknowledgement with a Application Identification Number(AIN) for future tracking of Application.",The applicant must be an ordinary resident and tax payer (assessee) of any industrial holding of the Municipality / Municipal Corporation area and he/she must be the owner/ lessee of any municipal holding (industrial ) having valid title and possession in that holding.,Details available in e District Portal,18,200,0,0,0,0,0,0,0
248,0,Apply - Sanction of Water Connection by SJDA,SJDA,Apply - Sanction of Water Connection by SJDA,http://edistrict.wb.gov.in/,35,Urban Development and Municipal Affairs Department,0,P,1,TRUE,"Siliguri Jalpaiguri Development Authority provides water connection to the residents and other commercial establishment at Paribahan Nagar, Matigara through online application and online payment of water charges @ Rs 1584/-annually for 1000 litres per day.",The applicant has to apply Online,"The applicant has to apply online with required documents like (a) Lease deed of Land allotment, (b) Approved Building Plan Issued by SJDA after which a joint inspection is conducted by a technical person from SJDA and the applicant and report submitted to The CEO, SJDA and finally the Chief Executive Officer, SJDA approves the water connection on online payment of water charges by the applicant as has been fixed by SJDA.","Lease deed of Land allotment, Approved Building Plan Issued by SJDA, Joint Inspection Report.",18,200,0,0,0,0,0,0,0
267,0,Info - Old Age Pension Scheme,Pension Scheme,Info - Old Age Pension Scheme,https://wb.gov.in/jai-johar-mela-2024-25.aspx,39,Women & Child Development and Social Welfare Department,0,F,1,FALSE,"To provide financial assistance to old age person aged 60 years and above.
","Filled up application forms have to be submitted to the office of Block Development Officer (BDO) in rural area, to the office of Sub-divisional Officer (SDO) in urban area, to the office of the Controller of Vagrancy in Kolkata Municipal Corporation (KMC) area.
","Having age 60 years and above, should be a resident of West Bengal and having annual family income not more than Rupees one thousand (1000/-) per month.
","Self attested copies of age certificate from Appropriate Authority, Copy of Digital Ration Card, Copy of Bank Pass Book and passport size photograph.
",60,200,0,0,0,0,0,0,0
249,0,Online sanction of Water Connection by KMDA,,,http://edistrict.wb.gov.in/,35,Urban Development and Municipal Affairs Department,0,P,0,TRUE,To provide domestic Water Connection,"a. Online Application to be filled up. b. Supporting documents to be scanned and uploaded. c. Generation of the Receipt/Acknowledgement d. Physical Site verification conducted by the departmental officers. e. After verification and scrutiny by the Officers, applicable fees generated and intimated to the consumer through message over Mobile/Phone. f. Applicable Fees to be submitted on line through e-payment gateway via ICICI BANK and Bill Desk/Offline Payment may be made at “Unnayan Bhavan” by providing Pay Order or by Bank Draft only as per Software provision. g. Then Executive Engineer gives permission for the Physical Connection. h. If everything is OK, Water Connection is approved.",Owner of the Premises,"Tax Receipt of the premises, Title Deed (Dalil)/Porcha, Photo Identity Proof of the Owner (Aadhar Card/Voter Card/PAN Card), etc.",18,200,0,0,0,0,0,0,0
250,1,Search - SWM Demand Print,KMC,Search - SWM Demand Print,https://www.kmcgov.in/KMCPortal/BSKIntegrationAction.do,35,Urban Dev & MA,0,F,1,FALSE,To provide official birth/death certificate,Online through bsk portal,The NKDA’s online birth/death registration system is open only for those who were born/who died in any place located within the jurisdictional area of NKDA.,ID proof of the applicant and a) Birth/death certificate of the person as issued by doctor; b) Others: as indicated in website of NKDA.,0,200,0,0,0,0,0,0,1
251,0,Apply - Issuance of Trade License by NKDA,NKDA,Apply - Issuance of Trade License by NKDA,/edist/issuance-trade-license-nkda,35,Urban Development and Municipal Affairs Department,0,P,1,TRUE,It is a permit to an individual or a company to run/operating a business within the jurisdictional area of New Town.,Online through www.nkdamar.org,The applicant must have a particular commercial space in his own name or by the rent agreement within the jurisdictional area of New Town.,"Legal occupancy of the premises, ID proof of the applicant, Others: as indicated in website of NKDALegal occupancy of the premises, ID proof of the applicant, Others: as indicated in website of NKDA.",18,200,0,0,0,0,0,0,0
252,1,Apply - Renewal of Trade License by NKDA,NKDA,Apply - Renewal of Trade License by NKDA,/edist/renewal-trade-license-nkda,35,Urban Development and Municipal Affairs Department,0,P,1,TRUE,It is a permit to an individual or a company to run/operating a business within the jurisdictional area of New Town,Online through www.nkdamar.org,Existing Trade Licence Certificate.,"Existing Trade Licence Certificate, ID proof of the applicant, Legal occupancy of the premises, Others: as indicated in website",18,200,0,0,0,0,0,0,1
253,1,Apply - Issuance of Trade Licence in Municipal Areas,UDMA,Apply - Issuance of Trade Licence in Municipal Areas,http://edistrict.wb.gov.in/,35,Urban Development and Municipal Affairs Department,0,F,1,FALSE,"""To facilitate the municipal tax payer
(assessee) in any municipal area to get the Certificate of Enlistment for any
Trade , Profession and Callings in which he/she is engaged, from the
Municipality/Municipal Corporation.""
","The Applicant have to apply through OTP based registration mode only in e- district portal (http://edistrict.wb.gov.in) . Then the applicant can login using own Username and Password. Application form along with supporting documents should be submitted and after submission of Application Identification Number (AIN) will be generated. After submission of Application, Applicant can track his/her application status using AIN No.
","The applicant must be an ordinary resident and tax payer (assessee) of any holding of the Municipality/ Municipal Corporation area and he/she must be the owner/lessee of any municipal holding (industrial ) having valid title and possession in that holding.
","NA
",18,200,0,0,0,0,0,0,1
254,1,Conversion of provisional to Permanent Trade Licence in municipal areas,,,http://edistrict.wb.gov.in/,35,Urban Development and Municipal Affairs Department,0,I,0,FALSE,"""To facilitate the municipal tax payer
(assessee) in any municipal area to get the Permanent Certificate of Enlistment
for any Trade, Profession and Callings in which he/she is engaged, from the
Municipality/Municipal Corporation.""
","""Applicant can apply for Provisional Certificate of Enlistment without uploading any supporting documents for one year and applicant can convert it to Permanent Certificate of Enlistment by submitting the documents within that year through e-District
portal https://edistrict.wb.gov.in.""
","Any ordinary resident and tax payer (assessee) of any holding of the Municipality/Municipal Corporation area and he/she must be the owner/lessee of any municipal holding (industrial) having valid title and possession in that holding.
","1. No document is required to apply for Provisional Certificate of Enlistment, 2. Provisional Trade Licence No. and Name of the Firm or Company for application of Permanent Certificate of Enlistment
",18,200,0,0,0,0,0,0,1
255,1,Apply - Renewal of Trade License in Municipal Areas,UDMA,Apply - Renewal of Trade License in Municipal Areas,http://edistrict.wb.gov.in/,35,Urban Development and Municipal Affairs Department,0,P,1,TRUE,"""To facilitate the municipal tax payer
(assessee) in any municipal area to get the renewal of the Permanent Certificate of Enlistment for any Trade, Profession and Callings in which he/she is engaged, from the Municipality/ Municipal Corporation.""
","Applicant can apply for Renewal of the Certificate of Enlistment without uploading through e-District portalhttps://edistrict.wb.gov.in. But s/he will have to give Permanent Trade License Number and Name of the Firm or Company for application.
","Any ordinary resident and tax payer (assessee) of any holding of the Municipality/Municipal Corporation area and he/she must be the owner/lessee of any municipal holding (industrial) having valid title and possession in that holding.
","1. Permanent Trade License Number. and Name of the Firm or Company for application.
",18,200,0,0,0,0,0,0,1
256,1,Information on issuance of new of occupancy/partial occupancy Certificate by NKDA,,,http://edistrict.wb.gov.in/,35,Urban Development and Municipal Affairs Department,0,P,0,TRUE,"To Provide information of Issue of Occupancy/Partial Occupancy Certificate to allow occupancy in new building.
","First the applicant will have to login on www.nkdamar.org & raise request , then s/he can go to track application & input the AIN and download the certificate cate.
","Any citizen.
","1. Fire NOC, 2. Form C of Lift, 3. Tax clearance certificate.
",18,200,0,0,0,0,0,0,1
257,1,Information of renewal of partial occupancy Certificate by NKDA,,,http://edistrict.wb.gov.in/,35,Urban Development and Municipal Affairs Department,0,I,0,FALSE,"To Provide information of Issue of Occupancy/ Partial Occupancy Certificate.
","First the applicant will have to login on www.nkdamar.org & raise request , then s/he can go to track application & input the AIN and download the certificatecate.
","Applicant having partial occupancy certificate of constructed Buildings.
","1. Existing POC, 2. Renewal of Fire NOC, 3. Form C of Lift, 4. Tax clearance certificate
",18,200,0,0,0,0,0,0,1
258,0,Payment of property tax of KMC (for KMC area only),,,https://www.kmcgov.in/KMCPortal/jsp/KMCPortalHome1.jsp,35,Urban Development and Municipal Affairs Department,0,F,0,FALSE,,,,,18,200,0,0,0,0,0,0,0
259,1,Fees for licence & renewal of KMC (for KMC area only),,,https://www.kmcgov.in/KMCPortal/jsp/KMCPortalHome1.jsp,35,Urban Development and Municipal Affairs Department,0,F,0,FALSE,,,,,18,200,0,0,0,0,0,0,1
380,1,Search Status of Seed License,Seed License,Status - Seed License,https://agriinput.matirkatha.net/bsk/bsk_farmers,2,Agriculture Department,0,I,1,FALSE,,,,,0,200,0,0,0,0,0,0,1
261,0,permission and licence for outdoor advertisements,,,https://www.kmcgov.in/KMCPortal/jsp/KMCPortalHome1.jsp,35,Urban Development and Municipal Affairs Department,0,P,0,TRUE,"To issue permission and license for outdoor advertisements; and to control the nuisance created by unauthorised advertisements; and to construct and maintain the bus passenger shelters.
","“Demand Notice” against Demand and ""Payment Receipt "" against the payment made in online mode (https://www.kmcgov.in) are available to be downloaded. In online mode, the relevant application software is being operated by the applicant himself and in online mode, the relevant application software module under Municipal Administration System is being operated by departmental users of KMC.
","NA
","""1. For permanent hoardings on property owned by any individual or organisation other than KMC the following papers are to be submitted: a. Attested copy of Agreement between R/O & Ad. Agency; b. Declaration in the form of a davit before 1st class Magistrate in prescribed format by Ad. Agency; c. NOC in the form of a davit by R/O (Landlord) in prescribed format;
d. NOC from Advt. Dept. in favour of Ad. Agency; e. Self attested copy of updated property tax receipt from R/O (Landlord);
f. Attested copies of PAN/EPIC of Applicant(s) & R/O (Landlord)/lessee or sub-lessee/occupier; g. Self attested copy of current receipt of CE (Trade License) of Ad. Agency
h. 3 copies of sketch plan duly signed by KMC approved /empaneled structural engineer and advertising agency & endorsed by landlord; i. Wind Pressure & structural stability certificate from KMC empaneled structural engineer; j. Building stability certificate (Load Bearing Capacity) from KMC empaneled structural engineer; k. Copy of GST Registration Certificate of the applicant; l. Copy of Location Map of the proposed hoarding; m. Any other additional document. 2. For advertisement on KMC property following papers are to be submitted: a. One sketch of the advertisement with proper dimension duly sign by applicant;
b. Photograph showing location where Indicator Board/GSB will be installed; c. Self attested copy of current Trade License of applicant; d. Copy of Work Order from client, if any; e. NOC from Advertisement Department in favour of Ad Agency, if any; f. Copy of GST Registration Certificate; g. Any other additional document(s). 3. For advertisement on vehicle following papers are to be submitted: a. Work order (in case of advertisement will be done through agency) from competent authority;
b. Certificate of Enlistment/Trade License of the applicant; c. Detail list of Bus/Tram(s);  d. Details of vehicle/tableau; e. Copy of registration certificate from RTO; f. Copy of fitness certificate;
g. Copy of PUC certificate; h. Copy of Insurance Certificate; i. Copy of the logo/advertisement to be displayed (in case of advertisement on vehicle/ tableau); j. Copy of GST Registration Certificate of the applicant; k. Any other additional document""
",18,200,0,0,0,0,0,0,0
262,1,Application of Birth certificate in KMC area (for KMC area only),,,https://www.kmcgov.in/KMCPortal/jsp/KMCPortalHome1.jsp,35,Urban Development and Municipal Affairs Department,0,P,0,TRUE,"Providing Birth Certificate
","""a. For obtaining the Birth Certificate for the first time or any correction within first 5 years from the date of birth, one need to apply to the concerned Borough Exe. Health Officer and beyond that period one will have to apply to Chief Municipal Health Officer.
b. One may obtain duplicate copies of a Birth Certificate (needing no change/correction) from any of the offices of Borough Exe. Health Officers and office of the Chief Municipal Health Officer.
""
","Any resident under KMC
","a. Proof of Birth: (i) Photocopy of Discharge Certificate of Hospital/Nursing Home, where the event of birth took place, (ii) Photocopy of Doctor's certificate (in case of home delivery), (iii) Photocopy of Photo I.D. proof of the applicant. b. In case of the event of birth not registered within one year from the event: Order of a First Class Magistrate. c. In case of any correction of Name of Child: (i) A davit declaration from both parents before a First Class Magistrate/Judicial Magistrate, (ii) Photo Id. proof/Educational Certi cate/Certi cate of registered school/ Certificate from Issuing authority of Municipality/Corporation/Gram Panchayat/Certificate from local Honorable Councilor/MP/MLA, where Name, Date of Birth and father's name of child are properly mentioned, (iii) Previously issued Birth Certificate for correction or GDE No.. d. In case of any correction of Name of Parent(s): (i) Amendment from the concerned Hospital/Nursing Home where the event of birth occurred, (ii) Photo Id. Proof of concerned person whose name will be corrected, (iii) Previously issued Birth Certificate for correction, (iv) Photo Id. proof of the Applicant.
",20,50,0,0,0,0,0,0,1
263,0,Apply - Cooperative Home Registration,UDMA,Apply - Cooperative Home Registration, https://coopwb.in/files/1.pdf,35,Urban Development and Municipal Affairs Department,0,P,1,TRUE,"To issue permission for amusement related businesses/activities including Theatres, Cinema Houses, Circuses, Fairs, Fetes, Exhibitions, Dancing Halls, Carnivals, Video Shows/Games, Cyber Cafes, Cable TV Operation, Restaurants (with/without Bar), Hotels, Planetariums, Pools, Parlors, Clubs & similar public resorts.
","""The applicant needs to apply on plain paper addressed to the Senior Amusement Officer, Kolkata Municipal Corporation, 5,S.N.Banerjee Road (2nd
Floor), Kolkata 700 013 seeking a license for concerned amusement activity. payment of requisite fees can be made either online through KMC web portal Receipts against the payments made in online mode are available to be downloaded.""
","NA
","For Casual Show: Authorisation letter from the premises where the event will happen. For Annual Permanent Permission:(a) Certificate of Enlistment (b)Tax Bill/Electricity Bill/ Rental agreement paper or purchase deed to prove lawful tenancy or ownership of proposed amusement site. (c) Business related permission such as Central Excise, Police Permission for Bar cum Restaurant. P-n-T Permission for Cable TV operator etc.
",18,200,0,0,0,0,0,0,0
264,0,Online grievance registration in KMC areas (for KMC area only),,,https://www.kmcgov.in/KMCPortal/jsp/KMCPortalHome1.jsp,35,Urban Development and Municipal Affairs Department,0,P,0,TRUE,"""Resolution of grievances of the Municipal
residents.""
","Registering grievances through KMC web portal https://www.kmcgov.in
","Any resident of KMC
","An appropriate ""Key Code"", like Assessee No., Certificate of Enlistment No., Water Supply/Sewerage Account No. etc., of the applicant who is registering the grievance.
",0,200,0,0,0,0,0,0,0
265,1,Search - Jal Dharo Jal Bharo Scheme,Scheme,Search - Jal Dharo Jal Bharo Scheme,http://wbwridd.gov.in/wrdd/jal_dharo_jal_bharo.html,37,Water Resources Investigation & Development Department,0,I,1,FALSE,"It aims to harvest rain water in all kinds of water bodies viz, tanks, ponds, reservoirs, canals and underground artificial recharge through rooftop rain water harvesting. For conservation and storage, rain water/surface run-off is arrested in derelict/silted tanks after proper de-siltation mainly for irrigation purposes.",NA,NA,NA,0,200,0,0,0,0,0,0,1
266,0,Info - Widow Pension Scheme,Pension Scheme,Info - Widow Pension Scheme,https://wb.gov.in/,39,Women & Child Development and Social Welfare Department,0,F,1,FALSE,The scheme provides Rs. 1000 per month as pension to persons with disabilities (PWDs),"The application form can be acquired either directly from Office of the Block Development Officer or the Executive Officer (if the applicant resides in a rural area) of the concerned Panchayat Samity or from the office of the Sub-Divisional Officer (if the applicant resides in a Municipal corporation). Alternatively, the application form can also be obtained online",(1) The beneficiary should be an Indian citizen and the resident of West Bengal for a minimum of 10 years. (2) The person is eligible if the disability percentage is 50% or more. (3) The income ceiling of the family,"Address proof, Disability certificate, Income proof/certificate from Gram Panchayat, Medical officer deceleration stating that person to be unfit for any physical work.",21,200,0,0,0,0,0,0,0
268,0,Information on widow pension under Jai Bangla,,,https://jaibangla.wb.gov.in/login,39,Women & Child Development and Social Welfare Department,0,I,0,FALSE,"Detailed information about the different pension schemes under Jai Bangla i.e. Old Age Pension, Widow Pension, Disability Pension(Manobik) along with eligibility and application process",Online application through portal (www.jaibangla.wb.gov.in),60 years and above. No income bar. Beneficiaries who are not covered under any other Government scheme.,"Age proof, caste certificate, bank details",60,200,0,0,0,0,0,0,0
270,1,Information on application for disability certificate,,,http://nadia.gov.in/tehatta/forms/Health_Disability.pdf,39,Women & Child Development and Social Welfare Department,0,I,0,FALSE,"To provide information about application for disability certificate.
","Any person with specified disability can apply in form IV for a certificate of disability & submit the application to the Superintendent/MSVP/Director of the medical institution in the sub-division /district/place of residence of the applicant.
","Any person with specified disability.
","Proof of residence, two recent passport-sized photographs.
",0,200,0,0,0,0,0,0,1
271,0,Information on application for Kanyashree,,,https://wb.gov.in/government-schemes.aspx,39,Women & Child Development and Social Welfare Department,0,F,0,FALSE,,,,,0,200,0,0,0,0,1,0,0
272,0,Apply - Rupashree Prakalpa,Rupashree Prakalpa,Apply - Rupashree Prakalpa,https://wbrupashree.gov.in/admin/user_creation/Register/,39,Women & Child Development and Social Welfare Department,0,F,1,FALSE,"Under this scheme, the Government of West Bengal will provide one-time financial assistance of Rs. 25,000 to the economically weaker families at the time of their daughters marriage. It will also provide an incentive for preventing child marriage and incentivize parents to educate the girl child.","The applicants must visit the nearby Gram Panchayat, Municipal office, Block Development Officers (BDO) or SDO. Obtain the application form for Rupashree Prakalpa scheme from the concerned officer. The applicant can also download the application form from online. All the necessary details to be filled in the application form and submitted to the office along with the required documents. The application form will be verified by the receiving officer and will return a duly signed and stamped acknowledgement slip to the applicant. The sanctioned amount will be transferred through IFMS to the bank account of the applicant. The fund transfer will be executed at least five days before the date of the proposed marriage.",(1) Applicant girl must be a resident of West Bengal (2) Applicant must be a minimum of 18 years of age (3) Her prospective groom must be 21 years of age (4) Annual family income of the applicant must not exceed Rs.1.5 lakhs (5) No minimum educational qualification is necessary,"Certified copy of the birth certificate, the details of the groom, Proof of residence ",18,200,0,0,0,0,1,0,0
273,1,Search - Khelasree Scheme,Scheme,Search - Khelasree Scheme,https://wb.gov.in/government-schemes.aspx,40,Youth Services and Sports Department,0,I,1,FALSE,"Provide Financial Assistance to Coaching Camps, Financial Assistance to State Level Associations, Financial Assistance to Sports Persons, Development of Play Ground, setting up of Multi-gym and Assistance for setting up of Mini Indoor Games/Recreation Complex",Offline Application,"Registered Sport Academies, Sports clubs, Coaching Camps, Sports Persons, Schools etc.",a. Registration certificates for sports academies. b. National Level Certificates for Sports Person c. Bank Details d. Student Attendance e. Affiliation from Sub divisional/ Block sports council,18,200,0,0,0,0,0,0,1
274,1,Search - Club Grant,Scheme,Search - Club Grant,http://wbsportsandyouth.gov.in/,40,Youth Services and Sports Department,0,I,1,FALSE,Grant-in-Aid in favour of Club/Organization/Sports Association for Development of Sports activities through organizing various sports events/creation of sports infrastructure and durable sports assets across the different districts of West Bengal  by Government of West Bengal,Offline,Any Registered club or organisation.,"Registration/ Affiliation certificates, Bank Details, Member Details, Other Documents",18,200,0,0,0,0,0,0,1
275,0,Apply - Grievance to CMO,CMO Grievance,Apply - Grievance to CMO,https://bsk.wb.gov.in/cmogrivance,5,CMO Department,0,F,1,FALSE,"Effective monitoring and timely redressal of citizen’s grievances addressed to the Honourable Chief Minister, West Bengal in order to ensure an efficient, responsive, accountable and transparent administration","Type ‘cmo.wb.gov.in’ on the address bar of the browser and press . The homepage of the CMO Grievance Cell Portal will appear o Click on the “Login button” at the top right corner. Enter registered mobile number and captcha value. Click on “Send OTP” o Enter the OTP received and Click on “Verify OTP”. OTP is valid till ‘send OTP’ is pressed subsequently, in such case, old OTP shall be overwritten. o On successful log in, DEO’s account shall open and click to “Grievance online’ and ‘Entry of Grievance’ then “Grievance Registration Form” shall open. All the personal and communication details of the applicant are required to be filled in the “Grievance Registration Form”. Followed by grievance details are required to be filled up. First grievance category has to be selected from drop down menu, which is fitting most. Summary of the grievance and required action are required to be filled up.",Any resident of West Bengal,"If any supporting document has been provided by the complainant, it has to be scanned and uploaded.",0,200,0,0,0,0,0,0,0
276,1,Search - Gitanjali Scheme Information,Housing,Search - Gitanjali Scheme Information,https://www.wbhousing.gov.in/pages/display/7-scheme,16,Housing Department,0,I,1,FALSE,It aims to provide shelter to the people belonging to EWS category and having no habitable dwelling units.,Beneficiaries are selected by concerned District Magistrate through BDOs in an offline process,People having family income of Rs 6000/- per month or less.,"i) Income information, ii) Identity proof (voter ID/ Aadhar ID/PAN/ or any other valid information)",0,200,0,0,0,0,0,0,1
277,0,Amar Thikana,,,https://www.wbhousing.gov.in/pages/display/7-scheme,16,Housing Department,0,F,0,FALSE,,,,,18,200,0,0,0,0,0,0,0
278,0,Nijasree,House,Nijasree Information,https://www.wbhousing.gov.in/nijashree,16,Housing Department,0,I,0,FALSE,"An affordable housing scheme, it envisages the construction of LIG/MIG flats on public lands belonging to the state government, local bodies and parastatals and thereafter allotting such flats to eligible families.","Applications are made through offline procedure by the way of open advertisement in the daily newspaper. Application forms are distributed through selected bank and branches in the concerned district as per advertisement. Thereafter, beneficiaries are selected by concerned District Magistrate through lottery","Person having family income of i) Rs 15000/- per month or less for LIG(1BHK) flats and ii) Rs 30,000/-","i) Income information, ii) Identity proof (voter ID/ Aadhar ID/PAN/ or any other valid information)",18,200,0,0,0,0,0,0,0
279,0,Permission for buying Mechanised bricks,,,https://wbhousing.gov.in/pages/display/91--information-about-bricks,16,Housing Department,0,I,0,FALSE,It facilitates selling of bricks and brick materials to general people.,Offline application taken from general people along with supporting documents.,"Only for personal use, not for commercial use",Original hard copy of sanction plan only for checking,18,200,0,0,0,0,0,0,0
290,1,Search - Admit Card Download & Printing for VOCLET,VOCLET,Search - Admit Card Download & Printing for VOCLET,https://sctvesd.wb.gov.in/api_rest_server/bsk/bsk_response/online_application_response,31,"Technical Education, Training & Skill Development Department",0,P,1,TRUE,To permit the applicants in entering the examination centres and to sit in a particular place of an examination hall.,Asper guideline issued by Council (only online).,Merit-listed candidates who are eligible and seeking admission in 2nd year of Diploma courses of different Polytechnics of West Bengal.,,16,25,0,0,0,0,0,0,1
381,1,Download Certificate - Seed License,Seed License,Download Certificate - Seed License,https://agriinput.matirkatha.net/bsk/bsk_farmers,2,Agriculture Department,0,F,1,FALSE,this is description,this is how to apply,,,18,200,0,0,0,0,0,0,1
280,0,registration of Apartment Owner Association,,,"https://wbhousing.gov.in/pages/display/16-procedure-for-registering-association-of-apartment-ownership#:~:text=Form%201%20under%20buy%2Dlaw,Bengal%20Apartment%20Ownership%20Regulations%2C%201974.",16,Housing Department,0,I,0,FALSE,It facilitates online application for registration of Apartment Owners Association.,Log in tohttps://edistrict.wb.gov.inn>select ‘Citizen Registration’ >get user id and password>login with the user id and password at e-district home page>select Housing Dept.>click on ‘Registration of Apartment Owners’ Association’>then Apply>upload scanned documents (as at ix below) >fill in other details and submit. Hard copies of application in form ‘A’ along with other documents will have to be submitted later after preliminary approval by the competent authority and intimation by SMS.,All/majority apartment owners of apartment/premises having minimum of 4 nos. of apartments,All/majority apartment owners of apartment/premises having minimum of 4 nos. of apartments,18,200,0,0,0,0,0,0,0
281,0,Apply - Pay Now Rent of Flats of Government Housing,Housing,Apply - Pay Now Rent of Flats of Government Housing,https://wbhousing.gov.in/erent/,16,Housing Department,0,P,1,TRUE,"To facilitate the tenants for online payment of rent of  flats of different Government Housing Estates.
","Allottees have to submit their mobile number along with the allotment order for registering their mobile number. Online payment of rent of  flats can be done through https://wbhousing.gov.in/erent/ via GRIPS in a OTP based manner.
","Allottees of flats of Government Housing Estates.
","Allotment order for government housing estates.
",18,200,0,0,0,0,0,0,0
282,1,Search - Working Women Hostel Information,Housing,Search - Working Women Hostel Information ,https://wbhousing.gov.in/womenshostel,16,Housing Department,0,I,1,FALSE,It aims to provide seats/ accommodation in single/multi-seated room/dormitory in different Hostels in Kolkata meant for the working women who have no residence in the city of their workplace.,Prescribed Forms may be downloaded from the Department’sWebsite(www.wbhousing.gov.in)and to be submitted duly filled in to the Authority at Housing Department.,"Any working woman under the age of 60 (sixty) years, employed either in Central Govt/ State Govt/ Public Sector Undertaking / Private Ltd Company and earning not less than Rs. 5000/ per month duly certified by her employer will be treated as a working woman. Women not employed as specified above are not eligible.","(I) Application Form [Form –‘A’] (II) Duly certified Employer’s Certificate and Character Certificate (III) Revised Declaration by allottee (IV) Aadhar Card , (V) Voter Card, (VI) Pay Slip and (VII) A Physician’s Certificate for physical fitness of applicant.",18,60,0,0,0,0,1,0,1
283,0,West Bengal Freeship Scheme,,,https://wbhed.gov.in/wbfs,14,Higher Education Department,0,F,0,FALSE,,,,,0,200,0,0,0,0,0,0,0
285,0,According Academic Recognition to the Special Schools organised by NGOs,,,https://meels.gov.in/,22,Mass Education Extn. & Library Services,0,I,0,FALSE,It aims to approval of Academic Recognition to the Non-Government organisations who are dealing with the students with special need,Offline processes. Deserving institutions have to apply in prescribed format against the advertisement to the district offices under the control of MEE Directorate.,"o The institution must be registered under Societies Registration Act and PWD Act o The number of students should not be less than 40 for Primary level and 60 for Upper Primary level o Qualification of ATs should be HS (Primary level) and Graduate (Upper primary level) and Diploma in Special Education for HI,VI and MR (as the case may be) from RCI recognised training institute or Bachelor of Education in Special Education for HI,VI and MR (as the case may be) . o The school should follow the curriculum approved by MEE & LS Dept/ School Education Dept. o Teacher student ratio should be 1:10 (for HI & VI) and 1:6 (for MR) o The institution must have own land and proper infrastructure",Registration Certificate (NGO) with current renewal certificate o Persons with disabilities (PWD Act) certificate with current renewal certificate o Rules and Regulations of the organising NGO o Annual Activities of the Organising NGO o List of MC of the organising NGO duly approved by the respective DM(in case of districts other than Kolkata) o Audit report (Last 3 years) of the organising NGO o Brief history of the Special School o Aim & Objective of the Special School o General & Special equipment list of the Special School o Staff details o Student list along with their address o Copies of disability certificates of the students from the competent authority o Class routine of the special school o Yearly calendar along with Holiday List of the Special School o Land Deed of the school o Bank account details o Declaration by authorities that the school runs on a no profit no loss basis o Recommendation by the Zilla Parishad (in case of districts other than Kolkata),18,200,0,0,0,0,0,0,0
286,0,Admission to Sponsored Special Schools,,,https://meels.gov.in/,22,Mass Education Extn. & Library Services,0,I,0,FALSE,The main purpose is to provide education and vocational training to the students with disabilities (HI/VI/MR).,Offline Processes.,Disability Certificate issued by competent authority,Disability Certificate issued by competent authority,18,200,0,0,0,0,0,0,0
287,0,Admission to the Welfare Homes,,,https://meels.gov.in/,22,Mass Education Extn. & Library Services,0,I,0,FALSE,The main purpose behind running Welfare Homes is to provide social security and education to its children who come from families from the deprived sections of society and who are incapable of arranging their basic needs.,Offline,• Age of the applicant: 6 years • Belonging to families with annual family income not more that Rs. 1.2 lakh per annum.,"a. 2 passport size photographs attested by a competent authority. b. Age proof certificate attested by acompetent authority. c. A certificate from Pradhan/Councillor regarding. d. Address proof and income certificate issued by Pradhan/BDO/Councillor/MP/MLA or any gazetted officer. e. Ration Card of the parents/guardian. f. EPIC of the parents/guardian. g. Aadhar Card of the parents/guardian. h. A certificate covering citizenship/permanent residence, monthly income and why the son/daughter is eligible to have facility of staying at the Social Welfare Home from Gram Panchayat Pradhan/Panchayat Samity Savapati/Councillor of Municipality/Chairman/Councillor of Corporation. i. The father is to apply. In the absence of father andmother, any near relative with certificate to that effect. j. If the father is missing or the mother has deserted, proof of that from Hon’ble Court/Police Station/Gram Panchayet Pradhan/Councillor of Municipality.",6,200,0,0,0,0,0,0,0
288,1,Admit card download and printing for admission in Government ITI,Govt ITI Admission,Admit Card Download,https://webscte.co.in/,31,"Technical Education, Training & Skill Development Department",0,P,0,TRUE,Obtaining printout of the admit card,As per guideline issued by Council (only online).,Eligible candidates of Government ITIs,,15,25,0,0,0,0,0,0,1
289,1,Search - Admit Card download & Printing for JEXPO,JEXPO,Search - Admit Card download & Printing for JEXPO,https://sctvesd.wb.gov.in/api_rest_server/bsk/bsk_response/online_application_response,31,"Technical Education, Training & Skill Development Department",0,F,1,FALSE,It enables obtaining printout of the admit card of JEXPO,As per guideline issued by Council (only online).,Listed candidates who are eligible and seeking admission in Polytechnics of West Bengal.,,15,25,0,0,0,0,0,0,1
301,1,Issuance of New Certificate of Enlistment (trade licence) and renewal of the sam,,,https://www.kmcgov.in,35,Urban Development and Municipal Affairs Department,0,P,0,TRUE,,,,,18,200,0,0,0,0,0,0,1
382,1,Status of Application (Krishak Bandhu),Krishak Bandhu Scheme,Search - Krishak Bandhu Scheme Status,https://krishakbandhu.net/farmer_search,2,Agriculture Department,0,I,1,FALSE,,,,,18,200,0,0,0,0,0,0,1
291,0,Apply - Post-Matric Scholarship Under Talent Support Programme (TSP) Application ,Scholarship,Apply - Post-Matric Scholarship Under Talent Support Programme (TSP) Application ,https://www.wbminorityaffairs.in,24,Minority Affairs & Madrasah Education Department,0,F,1,FALSE,It aims to prevent drop-out of the students who are eager to continue higher education but could not perform better in earlier examination because of social and educational constraint.,"Online application can be filled by login to www. wbmdfcscholarship.in. There is no provision for making any offline application. After submission of application, the applicant is required to download a printout of acknowledgement and submit the same with the requisite documents to their institute.","Students pursuing Higher Secondary, Graduation, Post-Graduation, M.Phill, Ph.D. etc except professional and technical courses are eligible. Institute must be located in West Bengal",Print out of application form duly signed by the applicant and photo copy of his bank passbook containing Bank accounts number and IFSC code,15,35,0,0,0,0,0,0,0
293,0,Apply - Farm Mechanisation,Farm Mechanisation,Apply - Farm Mechanisation,https://wbfms.wb.gov.in/,2,Agriculture Department,1,F,1,FALSE,The service is related to financial support for Farm Mechanization (FSSM).,Only online application will be received after publication regarding the same in state-level daily newspapers as well as on www.matirkatha.net portal of the Government of West Bengal. Print copy of online application with requisite documents will be submitted to the block office within a stipulated date. Offline application will also be allowed to aid farmers for OTA-SFI only. Such offline applications will be uploaded on online portal for further processing.,"Individual farmers, Members of Primary Agriculture Cooperative Societies (PACS), Joint Liability Groups (JLG), Farmer Producer Organisation (FPO), Farmer Interest Group (FIG), Self Help Group (SHG) belonging to Small and Marginal Farmers’ category [including Cluster of SHGs] and Krishak Sangha who have not availed any benefit under the mechanisation schemes (OTA-SFI/FSSM/CHC) within the last five years and the last three years for FSSM and OTA-SFI, respectively. Minimum land holding of 1.5 and1.5 acres by the applicant will be required for purchase of power tiller and solar pump sets, respectively, in FSSM.","Proof of citizenship, proof of bank account, photo, proof of land documents (for power tiller, solar pump), etc.",18,200,0,0,0,0,0,0,0
294,0,Car Parking Facilities to Kolkata residents,,,https://www.kmcgov.in,35,Urban Development and Municipal Affairs Department,0,I,0,FALSE,"Providing safe car parking facilities to all.
","Online application through KMC web portal https://www.kmcgov.in
","Any resident of KMC
","Aadhaar card, Driving license, Blue Book.
",18,200,0,0,0,0,0,0,0
295,0,Apply - Merit Scholarship Examination (NMMSE),School,Apply - Merit Scholarship Examination (NMMSE),https://www.education.gov.in/sites/upload_files/mhrd/files/,29,School Education Department,0,F,1,FALSE,It aims to arrest the drop out of the students studying in class VIII in all recognised schools of West Bengal Board including Madrasah through an examination procedure and encourage them to continue theirstudiesat secondary stage. The said examination is being held usually in the month of November every year all over West Bengal.,Willing applicants may apply through online application process in scholarships portal (www. Scholarships.wbsed.gov.in) in a stipulated period of time to sit for the examination,"The students shall have minimum of 55% marks or equivalent grade in Class VII examination for appearing in selection test for award of scholarship (Relaxable by 5% for SC/ST). Students whose parental income from all sources is not more than Rs. 1,50,000/- per annum are eligible to avail the scholarships.",o Parents income certificate o Marksheet of Class VII o Caste Certificate (If Applicable) o Birth Certificate o Aadhar Card,13,35,0,0,0,0,0,0,0
296,1,Search - Entrance Result of Admission in Government ITI,Govt ITI Admission,Search - Entrance Result of Admission in Government ITI,https://scvtwb.in/apilanding.aspx,31,"Technical Education, Training & Skill Development Department",0,F,1,FALSE,It aims to permit the eligible applicants to take part in online counselling,As per guideline issued by Council (only online).,As fixed by WBSVCT,Enrolment number or index number printed in the admit card,15,35,0,0,0,0,0,0,1
297,1,Search - Entrance Result of JEXPO,JEXPO,Search - Entrance Result of JEXPO,https://sctvesd.wb.gov.in/api_rest_server/bsk/bsk_response/online_application_response,31,"Technical Education, Training & Skill Development Department",0,F,1,FALSE,It aims to permit the eligible applicants to take part in online counselling,As per guideline issued by Council (only online).,As fixed by WBSVCT,Enrolment number or index number printed in the admit card,15,35,0,0,0,0,0,0,1
298,1,Search - Entrance Result of VOCLET,VOCLET,Search - Entrance Result of VOCLET,https://sctvesd.wb.gov.in/api_rest_server/bsk/bsk_response/online_application_response,31,"Technical Education, Training & Skill Development Department",0,F,1,FALSE,It aims to permit the eligible applicants to take part in online counselling for admission in 2nd year of Diploma courses of different Polytechnics in West Bengal.,As per guideline issued by WBSCT&VE&SD,As fixed by WBSCT&VE&SD,Enrolment number or index number printed in the admit card,15,35,0,0,0,0,0,0,1
299,0,"Extending One Time Grant (OTG) to non-sponsored, non-recognised institutions",,,https://meels.gov.in/,22,Mass Education Extn. & Library Services,0,I,0,FALSE,"It aims to provide financial assistance in terms of OTG (One Time Grant) to the non-Government, non-recognised institution for the students with special need and destitute inmates of Welfare Homes",Offline processes.Deserving institutions have to apply in prescribed format against the advertisement to the district offices under the control of MEE Directorate.,"o The institution must be registered under Societies Registration Act and PWD Act (in case of institution for the students with disabilities). o The institution must be registered under Societies Registration Act and should have registration with the District Child Welfare Committee under J.J. Act 2000 (in case of institution for the destitute children). o The institution should have at least 10 students. o The institution should have run for at least 3 years o Accounts of the NGO should be regularly audited. o The institution should have own land. o The school should run on all working days of the year excepting Summer & Puja Vacation. o All the children, staying in the Home, should have been admitted in formal schools. (in case of institution for the destitute children).","o Registration Certificate (NGO) with current Renewal Certificate o Persons with disabilities (PWD Act) certificate with current Renewal Certificate o Rules and regulations of the Organising NGO o Annual Activities of the Organising NGO o Audit report (Last 3 years) of the organising NGO o Brief history of the Special School o Aim & Objective of the Special School o General & Special equipment list of the Special School o Staff details o Student list along with their address o Copies of disability certificates of the students from the competent authority o Class routine of the special school o Yearly calendar along with Holiday List of the Special School o Land Deed of the school o Bank account details o Declaration by authorities that the school runs on a no profit no loss basis o Whether the institution has previously received any financial grant from Government (State & Central). If yes, UCs along with photographic evidence of the work done by utilising the grant. o An undertaking that the expenditure out of the grant will be utilised for purchasing TLM/furniture etc not for the purpose of building construction and/or for the purpose of meeting up the remuneration of the staff.",18,200,0,0,0,0,0,0,0
300,1,Search - Information about Different Courses (Paschim Banga Society for Skill Development),PBSSD,Search - Information about Different Courses (Paschim Banga Society for Skill Development),https://www.pbssd.gov.in/,31,"Technical Education, Training & Skill Development Department",0,I,1,FALSE,It ensures that all the Course details can be visible online through pbssd.gov.in portal,Please visit Pbssd.gov.in portal—Click on Trainee Tab—Choose sector of course—Choose course,Age 14-44 Years/Varies Course to Course,Not Applicable,14,44,0,0,0,0,0,0,1
302,0,Apply - Jaago,Scheme,Apply - Jaago,https://www.shgsewb.gov.in/wbsspadmin/login,30,Self-Help Group & Self- Employment Department,0,F,1,FALSE,The scheme provides unconditional grant to the SHGs to encourage their economic activities,"No separate application is needed. Data with mandatory fields of Contact number and Bank accounts collected from the Departments forming SHGs, viz. P&RD, MA&ME, UD&MA, Fishery, Co Operation, BCW&TD are shared in the portal shgse.gov.in for credit to the designated Bank accounts.",1. The Group must be all women; 2. All groups having received cash credit limit or term loan or all graded groups or All groups matching the following conditions such as 1 Year from formation of SHG or 6 months from opening of an account whichever is earlier and Minimum deposit of Rs. 5000/- in the account.,,18,200,0,0,0,0,1,0,0
303,0,Market stall management,,,https://www.kmcgov.in,35,Urban Development and Municipal Affairs Department,0,P,0,TRUE,"NA
","NA
","NA
","NA
",18,200,0,0,0,0,0,0,0
304,0,Apply - Micro Finance Loan Minorities of West Bengal,Loan,Apply - Micro Finance Loan Minorities of West Bengal,https://www.wbminorityaffairs.in,24,Minority Affairs & Madrasah Education Department,0,F,1,FALSE,It aims at empowerment of minority women for pursing economic activities and vocation of their choice.,"Online process: Application form can be downloaded from www.wbmdfc.org Offline processes - The application may be submitted round the year (on any working day) in prescribed format and at the local Block Development Office in case of rural areas and SDO Office in case of urban areas. In case of Kolkata, it should be submitted at the District Office Minority Affairs situated in Minority Bhavan, 11/3 Dr. Biresh Guha Street, Park Circus, Kolkata-700017.","Applicant’s age must be between 18 to 50 years as on 1st January of the year in which he/she is applying for the loan. Annual family income for rural area must be within Rs.98, 000/-(Rupees Eighty-one thousand) and urban areas within Rs 1, 20,000/- (Rupees One lakh twenty thousand) only.","Photocopy of the Voter Card/ Aadhar card, Group Photo, Residential Certificate, Income Certificate and copy of resolution of the Group",18,50,0,0,0,0,0,0,0
305,1,Apply - National Talent Search Examination (NTSE),School,Apply - National Talent Search Examination (NTSE),https://ncert.nic.in/national-talent-examination.php,29,School Education Department,0,F,1,FALSE,It aims to search talented students studying in Class X all over the state as well as country through an examination procedure. The said examination is being held usually in the month of November every year all over West Bengal,Applicants may apply through on line application process in scholarship Portal (www.scholarships.wbsed.gov.in) in a stipulated period of time to sit for the examination.,"Students studying in Class X in all recognised schools of all Boards and securing 50% marks in Class IX final Examination ( 40% marks for SC/ST/ OBC of central list/ PH candidates), no income bar",o Birth Certificate o Aadhar Card o Marksheets o Caste Certificate (If Applicable),14,18,0,0,0,0,0,0,1
306,1,Search - NSAP under Jai Bangla,Scheme,Search - NSAP under Jai Bangla,https://nsap.nic.in/,25,Panchayats & Rural Development Department,0,F,1,FALSE,"Social assistance to poor people
","""1. Selection through wait-list based on SECC 2011 based on the gap identified due to death or other reasons after annual physical verification
(IGNOAPS/IGNWPS/IGNDPS)
2. Field level enquiry is required for NFBS.""
","""1. BPL and age 60 years and above (IGNOAPS)
2.  BPL, widow and age between 40 years to 79 years (IGNWPS)
3. BPL, handicap and age between 18 years to 79 years (IGNDPS)
4.  After 79 years IGNWPS and IGNDPS shifted to IGNOAPS
5. BPL, on death of main earning member (NFBS) aged between 18 years to 60 years.""
","""1. Age proof, EPIC, Aadhaar(with consent),
Account number, husband death certificate (in case of widow), disability certificate
with 80% disability or multiple disability with 40% each (in case of disability)
2.  Physical application to be submitted to (i.e. full address of the authority):BDO
in case of NFBS.""
",18,200,0,0,0,0,0,0,1
307,0,Apply - Approval of Building/Plan,Property,Apply - Approval of Building/Plan,https://prdeodb.wb.gov.in/onlinebuildingplan,25,Panchayats & Rural Development Department,0,P,1,TRUE,"""Online issuance of Approval of House
Building Plan""
","""1. Visit https://www.wbprdgpms.in
2. Click On Building Plan Approval
3. Fill up the Form and upload the documents mentioned in the form.
4. Submit the application
5.  An SMS alert containing the Application No., will be sent to the applicant’s mobile no.""
","""Any interested citizen
of the State of West Bengal""
","""Applicant’s ID Proof, Copy of Plan, Land
Record Details, Tax Payment Details.""
",18,200,0,0,0,0,0,0,0
308,0,Online building plan sanction,,,https://www.kmcgov.in,35,Urban Development and Municipal Affairs Department,0,P,0,TRUE,"To issue sanction against the plan submitted for Construction of Building.
","Online application through KMC web portal https://www.kmcgov.in
"," Only KMC enlisted Licensed Building Surveyors and Architects can apply on behalf of Owners/Applicants.
","""1. Proposed plans for sanction.2. Photocopies of :
  Copy of title deed with deed plan, Current Tax receipt, Mutation Certificate, Assessment Book Copy,
N.O.C. (No Outstanding Clearance Certificate) from Assessment Collection Department, Survey Observation Report from Chief Valuer & Surveyor Department KMC, N. O. C. from K.I.T. Boundary, Declaration if physical boundary of the premises / site does not match/ tallies with the deed plan. Undertakings / indemnity bonds / affidavits as per Building Rules, Registered gift of land if required, Power of Attorney, if proposal is submitted through C.A., ULC Clearance Certificate from Competent Authority if land area is more than 500 sqm., NOC from WBF & ES if the height of the building is more than 15.50 m. for residential and for all non – residential buildings of any height, NOC from BSNL Microwave Division for building height more than 24.0 m. , NOC from P.C.B if total constructed area more than 20,000sqm, Any building close to Airport, compliance of departmental Circular No. 10 of 2015 – 16 dated 18/01/2016, NOC from Local Military Authority if the premises is within 500 m. from military establishments, Observation of PMU Department if it is a Heritage Building and to check existence of waterbody, For corner plot section 405 of KMC Act to be complied, For plot within 500 m. from Bridge or Bridge approach under section 406 to be complied with, Registered undertaking for common passage u/s 364 / 365 of KMC Act 1980, Soil investigation report, Structural design calculation along with structural drawing, Undertaking for compliance of Rule 147 (Provision for use of Solar Energy) of KMC Building Rule 2009 for buildings of height more than 15.5 m.""
",18,200,0,0,0,0,0,0,0
309,0,Apply - Choice Filling of Admission in Government ITI,Govt ITI Admission,Apply - Choice Filling of Admission in Government ITI,https://scvtwb.in/apilanding.aspx,31,"Technical Education, Training & Skill Development Department",0,P,1,TRUE,"Students can seek admission in Govt. ITI colleges in West Bengal, through the counselling process in West Bengal.
","Student has to apply through online to the official website of the West Bengal State Council of Technical & Vocational Education and Skill Development. There is a timeline for the application process.
",Standard guidelines are available at https://scvtwb.in/,"Academic certificates
",15,25,0,0,0,0,0,0,0
310,0,Apply - Counselling of Choice Filling Up for JEXPO,JEXPO,Apply - Counselling of Choice Filling Up for JEXPO,https://sctvesd.wb.gov.in/api_rest_server/bsk/bsk_response/online_application_response,31,"Technical Education, Training & Skill Development Department",0,F,1,FALSE,"Allow the applicants to opt/edit for the name of trade and corresponding Polytechnics serially as per their choice.
","""As per guidelines to
be stated in the website-webscte.co.in.""
","""Merit-listed candidates who
are eligible and seeking admission in Polytechnics of West Bengal.""
","JEXPO-result
",15,25,0,0,0,0,0,0,0
383,1,Renewal - Fertilizer License,Fertilizer License,Renewal - Fertilizer License,https://agriinput.matirkatha.net/bsk/bsk_farmers,2,Agriculture Department,0,P,1,TRUE,,,,,18,65,0,0,0,0,0,0,1
311,0,Apply - Counselling of Choice Filling Up for VOCLET,VOCLET,Apply - Counselling of Choice Filling Up for VOCLET,https://sctvesd.wb.gov.in/api_rest_server/bsk/bsk_response/online_application_response,31,"Technical Education, Training & Skill Development Department",0,F,1,FALSE,"Allow the applicants to opt for the name of trade and corresponding Polytechnics serially as per their choice. Provision of upgradation is there for multi-round counselling.
","""As per  guideline to
be stated in the website-webscte.co.in.""
","""Merit-listed candidates who
are seeking admission in 2nd year of Diploma courses of Polytechnics of West
Bengal.""
","VOCLE result
",15,25,0,0,0,0,0,0,0
312,1,Search - Counselling Result of Admission in Government ITI,Govt ITI Admission,Search - Counselling Result of Admission in Government ITI,https://scvtwb.in/apilanding.aspx,31,"Technical Education, Training & Skill Development Department",0,F,1,FALSE,"To make the applicants aware whether he/she has secured the trade and institute as per his/her choice filling. Provision of up-gradation is also there for multi round counselling.
","""As per guideline to be stated
in council’s website www.wbscvt.org.""
","""1.  Candidates who have taken part in choice-filling.
2. Forced choice has been imposed on the basis of rank after giving preference to the choice filled up candidates.""
","Counselling Result - 
",15,25,0,0,0,0,0,0,1
313,1,Search - Counselling for Result for JEXPO,JEXPO,Search - Counselling for Result for JEXPO,https://sctvesd.wb.gov.in/api_rest_server/bsk/bsk_response/online_application_response,31,"Technical Education, Training & Skill Development Department",0,F,1,FALSE,It aims to make the applicants awarewhether he/she has secured the trade and institute as per his/her choice filling. Provision of upgradation is also there for multi round counselling.,As per guideline issued by WBSCT&VE&SD,Candidates who took part in choice-filling.,,15,25,0,0,0,0,0,0,1
314,1,Search  - Counselling for Result for VOCLET,VOCLET,Search  - Counselling for Result for VOCLET,https://sctvesd.wb.gov.in/api_rest_server/bsk/bsk_response/online_application_response,31,"Technical Education, Training & Skill Development Department",0,F,1,FALSE,"Allow the applicants to opt for the name of trade and corresponding Polytechnics serially as per their choice. Provision of upgradation is there for multi-round counselling
","""As per guideline to
be stated in the website-webscte.co.in.""
","""Merit-listed candidates who
are seeking admission in 2nd year of Diploma courses of Polytechnics of West
Bengal.""
","VOCLET Result
",15,25,0,0,0,0,0,0,1
315,0,Online fee submission for JEXPO,JEXPO,Payment - Fee submission for JEXPO,https://sctvesd.wb.gov.in/api_rest_server/bsk/bsk_response/online_application_response,31,"Technical Education, Training & Skill Development Department",0,P,1,TRUE,"Submission of requisite fee for applying for JEXPO
","""For both online and offline as per guideline issued by Council through payment gateway of ICICI
Bank.""
","""Enrolled candidates who are
seeking admission in Polytechnics of West Bengal.""
","Application ID
",15,25,0,0,0,0,0,0,0
316,0,Payment - Fee Submission for VOCLET,VOCLET,Payment - Fee Submission for VOCLET,https://sctvesd.wb.gov.in/api_rest_server/bsk/bsk_response/online_application_response,31,"Technical Education, Training & Skill Development Department",0,P,1,TRUE,"""List preparation for eligibility in appearing VOCLET examination, to conduct VOCLET examination, online counselling and allotment of seat for admission in 2nd year of Diploma courses of different
polytechnics in West Bengal""
","""For both online and
offline as per guideline issued by Council through gateway of ICICI Bank.""
","""Enrolled candidates who are
seeking admission in 2nd year of Diploma courses of different Polytechnics of
West Bengal.""
","Application ID
",15,25,0,0,0,0,0,0,0
317,0,Online fee submission in Government ITI,Govt ITI Admission,Fee Submission - Government ITI Admission,https://scvtwb.in/apilanding.aspx,31,"Technical Education, Training & Skill Development Department",0,P,1,TRUE,"""Submission of requisite fee for online
admission in the Government ITIs of West Bengal""
","""1. Online as per guideline issued by Council through payment gateway of
ICICI Bank.
2. Uploading of relevant documents in the admission portal.""
","""Enrolled candidates who
are seeking admission in Government ITIs of West Bengal.""
","""Age proof, Vocational/PBSSD course
completion certificate, SC/ST/PH certificate as applicable.""
",15,25,0,0,0,0,0,0,0
318,0,Online issue of NOC by KMDA in connection with sanctioning building plan by KMC relating to EoDB,,,http://kmdaonline.org/,35,Urban Development and Municipal Affairs Department,0,P,0,TRUE,"To issue sanction against the plan submitted for Construction of Building.
","Online application through KMC web portal https://www.kmcgov.in
"," Only KMC enlisted Licensed Building Surveyors and Architects can apply on behalf of Owners/Applicants.
","""1. Proposed plans for sanction.2. Photocopies of :
  Copy of title deed with deed plan, Current Tax receipt, Mutation Certificate, Assessment Book Copy,
N.O.C. (No Outstanding Clearance Certificate) from Assessment Collection Department, Survey Observation Report from Chief Valuer & Surveyor Department KMC, N. O. C. from K.I.T.Boundary, Declaration if physical boundary of the premises / site does not match/ tallies with the deed plan. Undertakings / indemnity bonds / affidavits as per Building Rules, Registered gift of land if required, Power of Attorney, if proposal is submitted through C.A., ULC Clearance Certificate from Competent Authority if land area is more than 500 sqm., NOC from WBF & ES if the height of the building is more than 15.50 m. for residential and for all non – residential buildings of any height, NOC from BSNL Microwave Division for building height more than 24.0 m. , NOC from P.C.B if total constructed area more than 20,000sqm, Any building close to Airport, compliance of departmental Circular No. 10 of 2015 – 16 dated 18/01/2016, NOC from Local Military Authority if the premises is within 500 m. from military establishments, Observation of PMU Department if it is a Heritage Building and to check existence of waterbody, For corner plot section 405 of KMC Act to be complied, For plot within 500 m. from Bridge or Bridge approach under section 406 to be complied with, Registered undertaking for common passage u/s 364 / 365 of KMC Act 1980, Soil investigation report, Structural design calculation along with structural drawing, Undertaking for compliance of Rule 147 (Provision for use of Solar Energy) of KMC Building Rule 2009 for buildings of height more than 15.5 m.""
",18,200,0,0,0,0,0,0,0
319,0,Online notice for building completion certificat,,,https://www.kmcgov.in,35,Urban Development and Municipal Affairs Department,0,P,0,TRUE,,,,,18,200,0,0,0,0,0,0,0
320,0,Apply - Provisional Admission for JEXPO,JEXPO,Apply - Provisional Admission for JEXPO,https://sctvesd.wb.gov.in/api_rest_server/bsk/bsk_response/online_application_response,31,"Technical Education, Training & Skill Development Department",0,F,1,FALSE,"""To admit the student in the trade of
corresponding Polytechnic as per his/her choice.""
","""As per  guideline
issued by Council (only online).""
","""1. Age should not be less than 15 years on the date of 1st July of the year of
registration.
2.  Educational qualification – Must pass Madhyamik or equivalent Examination with the subjects Mathematics, Physical Science and English and having at least 35% marks in qualifying examination.
3.  Type of assistance/benets: As per directions given in the website""
","""Proof of Date of Birth, certificates related to reservations under Government norms and AICTE directives, mark-sheet of
qualifying examination rank card and allotment letter.""
",15,25,0,0,0,0,0,0,0
371,1,Search - Application Status of Certificate of Non-Forest Land,Certificate of Non-Forest Land,Search - Application Status of Certificate of Non-Forest Land,https://nfc.wbforest.org/application/action/ststus_api.php,38,West Bengal Forest Department,1,F,1,FALSE,"Non-Forest Land Use means an area managed for uses other than for the production of timber and other forest products or for the maintenance of woody vegetation for such indirect benefits as protection of catchment areas, wildlife habitat, or recreation. Citizen can apply for the certificate from the Government of West Bengal.",,,,18,200,0,0,0,0,0,0,1
321,0,Online provisional admission for VOCLET,VOCLET,Apply - Provisional Admission for VOCLET,https://sctvesd.wb.gov.in/api_rest_server/bsk/bsk_response/online_application_response,31,"Technical Education, Training & Skill Development Department",0,P,1,TRUE,"To admit the student in the 2nd year of Diploma courses of the trade of corresponding Polytechnic as per his/her choice
","""As per guideline
issued by Council (only online).""
","""a) No age limit. b) Must have
passed or appeared the (10+2) Examination of the West Bengal State Council of Technical & Vocational Education & Skill Development ( WBSCT&VE&SD) or having passed 2 years’ ITI after passing Madhyamik or equivalent examination. ITI trades must be of continuous 2 years duration and a single certificate should
mention that.""
","""Certificates related to reservations under
Government norms and AICTE directives, mark-sheet of qualifying examination
rank card and allotment letter.""
",15,25,0,0,0,0,0,0,0
322,0,Online registration of candidate on portal (Paschim Banga Society for Skill Development),PBSSD,Registration,https://pbssd.gov.in/,31,"Technical Education, Training & Skill Development Department",0,F,0,FALSE,It ensures that all the Course details can be visible online through pbssd.gov.in portal,Please visit Pbssd.gov.in portal—Click on Trainee Tab—Choose sector of course—Choose course,Age 14-44 Years/Varies Course to Course,Not Applicable,14,44,0,0,0,0,0,0,0
323,0,Online registration of candidates for Admission in Government ITI,Govt ITI Admission,Registration,https://webscte.co.in/,31,"Technical Education, Training & Skill Development Department",0,F,0,FALSE,"To conduct admission of 01 year and 02 year of CTS (Craftsman Training Scheme) courses as per guideline issued by DGT, MSDE, Government of India.
","""a) Online submission of personal data step by step and payment of application through the website as per guidance given in the website-wbscvt.org. after verification of mobile number through OTP. Downloading of certificates/acknowledgement token: online printout of
application form without verification after successful submission.""
","""1. Age should not be less than 14 years on the date of 1st July of the year of
registration.
2.  Educational qualification – Must pass Class 8th for E group trades and
Madhyamik or equivalent Examination for M group trades.""
","Physical application to be submitted
",14,44,0,0,0,0,0,0,0
324,0,Apply - Registration of Candidates for JEXPO,JEXPO,Apply - Registration of Candidates for JEXPO,https://sctvesd.wb.gov.in/api_rest_server/bsk/bsk_response/online_application_response,31,"Technical Education, Training & Skill Development Department",0,P,1,TRUE,It aims to conduct admission into 3 years Diploma in Engineering Course in 34 disciplines on Technical Education,online submission of personal data step by step and payment of application through the website as per guidance given in the website-webscte.co.in. after verification of mobile number through OTP. Offline submission of filled up OMR sheet with the personal data after purchasing of OMR sheet from the Institutes as per order of Council.,"a) Age should not be less than 15 years on the date of 1st July of the year of registration. b) Educational qualification – Must pass Madhyamik or equivalent Examination with the subjects Mathematics, Physical Science and English and having at least 35% marks in qualifying examination or candidates who appeared in the Madhyamik or equivalent examination subject to obtain qualifying 35% marks in that examination.","Proof of date of birth, certificates related to reservations under Government norms.",15,44,0,0,0,0,0,0,0
325,0,Parks and Squares,,,https://www.kmcgov.in,35,Urban Development and Municipal Affairs Department,0,P,0,TRUE,"Beautification, maintenance and utilization of Parks & Squares
","""Application in plain paper for utilizing part of a specific Park needs to be submitted Offline to the
Dy. Chief Engineer (C), Parks & Squares Department, 5, S.N. Banerjee Road, Kolkata 700 013.""
","Any resident under KMC.
","NA
",18,200,0,0,0,0,0,0,0
326,0,Registration - Micro Irrigation,Micro Irrigation,Registration - Micro Irrigation,https://bksy.wb.gov.in/pdmc/kiosk/bsklogin.php,2,Agriculture Department,0,F,1,FALSE,The main objective is to facilitate introduction of farmers’ registration module on the web portal (https://www.wbpmksy.org) with offline Aadhaar no. verification through UIDAI portal (https://uidai.gov.in/) and uploading of required land details and other documents at the Bangla Sahayata Kendra.,Application in farmers ‘registration module on the web portal (https://www.wbpmksy.org) with offline Aadhaar no. verification through UIDAI portal (https://uidai.gov.in/) and uploading of required land details and other documents at the Bangla Sahayata Kendra.,"Small and marginal farmers, other farmers, i.e., large farmers, Co-Operative Society, NGOs,corporation and firms involved with agriculture or horticulture.","Aadhaar Card, mobile number linked to Aadhaar number, land document, passbook of bank, recent passport size photograph.",18,200,0,0,0,0,0,0,0
327,0,Apply - Scholarship of Students with Disabilities,Scholarship,Apply - Scholarship of Students with Disabilities,https://bsk.wb.gov.in/download/47.pdf,22,Mass Education Extn. & Library Services,0,F,1,FALSE,It provides scholarships to the specially abled students studying in Class IX and onwards,Offline processes. Applications from the candidates are invited in prescribed format through open advertisement. Students need to apply to the district Mass Education Extension offices.,1. Belonging to families with annual family income not more that Rs. 2 lakh per annum. 2.40% marks in the last annual examination.,o Disability Certificate. o Address proof & Income certificate issued by Pradhan/ BDO/ Councillor/MP/ MLA or any gazetted officer o Mark sheetof last examination passed o Certificate issued by the Head of Institution in which the student is studying at present. o Full photograph attested by competent authority. o Bank account details,13,35,0,0,0,0,0,0,0
328,1,Search - Drainage Demand Print,KMC - Water Supply,Search - Drainage Demand Print,https://kmc.wb.gov.in/citizen/user/login,35,Urban Dev & MA,0,F,1,FALSE,"Sanctioning drainage & sewerage channel, cleaning & maintenance of underground sewers, open and covered drains, removing water logging & cleaning choked sewers with the help of pumps and mechanical sewer cleansing machines, renting of Jetting machine to applicants in Kolkata for cleaning of internal drainage system of any premises.
","After obtaining sanction to the building plan the owner will apply to the concerned Borough O ce of Engineering Department through a plumber with a copy of the sanctioned plan for sanctioning home drainage plan. 
","Any residence under KMC
","""a) Plumber “Niyog Patra” or Letter of Engagement, b) Copy of Building Sanctioned Plan along with the Original copy for verification purpose, c) Layout of the proposed internal house drainage plan showing the proposed connection with KMC sewers, d) Photocopy of the enlistment Certificate of Plumber,
e) Copy of certified documents showing the deposit of drainage development charges""
",18,200,0,0,0,0,0,0,1
353,1,Registration for Covid Vaccination,,,https://selfregistration.cowin.gov.in,13,Health & Family Welfare Department,0,F,0,FALSE,"In current pandemic scenario priority is to make COVID-19 vaccine available to all, ensuring vaccine traceability and beneficiary tracking from production of vaccine.
","""1. Register for a vaccination session (with a choice of registering additional 3 members)
2. Selection of Vaccination center of convenience 
3. Schedule vaccination Date as per slot availability at a Center
4. Reschedule Vaccination date""
","Indian citizen with any valid ID 
","""1. Citizen Registers with his mobile number and approved IDs 
2. Citizen can register himself and others (max 3) for vaccination""
",0,200,0,0,0,0,0,0,1
329,0,Survey Observation Report,,,https://www.kmcgov.in,35,Urban Development and Municipal Affairs Department,0,P,0,TRUE,"Chief Valuer and Surveyor maintains records of all immovable assets of KMC and performs tasks requiring verification or information from those to generate revenues for KMC by collecting lease, rent and license fees.
","Applicant can apply through online with EODB application by submitting the Survey Observation Report application form which is available on  KMC web portal https://www.kmcgov.in & making payment on the same portal.
","Any residence under KMC
","a) Power of Attorney, b) Three copies of Drawing sheets consisting of i) Site Plan (1:600), ii) Key/ Location plan (1:4000), iii) Ex. G.F. Plan with line Diagram (1:100), iv) Proposed G.F. Plan (1:100). All Drawings have been prepared in compliance with Rules 5, 6, 7 & 9 of K.M.C. Building Rules 1990. Duly signed by Concerned L.B.S./Empaneled Architect, c) Up-to date Property Tax Receipts and/or Copy of Assessment Book or Mutation Certificate or Mutation Approval Slip, duly signed by Concerned L.B.S./Empaneled Architect, d) Deed of Conveyance with site plan (Registered boundary declaration if site plan is not available) along with the abutting Road Width.
",18,200,0,0,0,0,0,0,0
330,0,Swami Vivekananda Merit-cum-Means Scholarship Scheme (SVMCMS),,,"https://www.webexam.in/swami-vivekananda-scholarshipsvmcm/#:~: text=West%20Bengal%20Higher%20Education%20Department, known%20as%20Bikash%20Bhavan%20Scholarship.",29,School Education Department,0,F,0,FALSE,It aims is to encourage and to help the meritorious students belonging to economically weaker section of the society to continue their higher studies,Eligible students may apply in this website (svmcm.wbhed.gov.in) with relevant documents.,"Students of West Bengal, studying in Class XI, passed M.P. or equivalent exam. with at least 75% marks and whose annual",o Parents income certificate o Marksheets o Caste Certificate (If Applicable) o Birth Certificate o Aadhar Card,15,35,0,0,0,0,0,0,0
331,1,Training Centre details (Paschim Banga Society for Skill Development),PBSSD,Search - Training Centre Details Information ,https://www.pbssd.gov.in/,31,"Technical Education, Training & Skill Development Department",0,I,1,FALSE,"It aims to ensure that all the Training Centre details can be viewed online through pbssd.gov.in, so that Students can find the Training Centre nearest to him or her",To establish a Training Centre online procedure is to be followed under pbssd.gov.in portal.,Age 14-44 Years/Varies Course to Course,Not Applicable,14,44,0,0,0,0,0,0,1
332,1,Search - Unpaid Water Supply Demand Print,KMC - Water Supply,Search - Unpaid Water Supply Demand Print,https://kmc.wb.gov.in/citizen/user/login,35,Urban Dev & MA,0,F,1,FALSE,"""a. Providing piped water supply to the doorstep of the residents of Kolkata
b. Providing potable water supply through tanker in fringe areas of Kolkata
c. Providing new water connection to the residents of Kolkata for domestic
and ICI (Institutional, Commercial & Industrial) purpose
d. Providing enlargement/modication/restoration of water supply services to the residents of Kolkata""
","""a) Contact the Assistant Engineer of the local office of the Water Supply Department.
b) Collect the list of plumbers from the local Section office or you may
download the same from the KMC Web Portal.
c) Select a plumber and the plumber will prepare the estimate. The user should apply in the prescribed format and place it before the Assistant Engineer for sanction.
d) After sanction, deposit the fee amount and get connection. Fee includes Deposit Money, Water Charges, Connection Fees, Road Opening Fees, Road Restoration Fees etc. Fees and charges are collected online through KMC
Web Portal: www.kmcgov.in & KMC Mobile App (available in Android & iOS platform) and oine directly at KMC Treasury/Common Collection Centers located across the city.""
","Any resident of KMC
","""a) Domestic: Copy of approved Building Plan, copy of Tax Clearance
Certificate of the premises, Plumber Engagement Letter, Registration
Certificate of the Society, in case Housing Complex
b) ICI: Trade License (Up to Date), NOC from owner of the premises, copy of Tax
Clearance Certificate of the premises, Plumber Engagement Letter,
Declaration of the applicant on Non-Judicial Stamp Paper in prescribed
format""
",18,200,0,0,0,0,0,0,1
333,0,Khadyasathi,Khadyasathi,Apply,https://wbpds.wb.gov.in/Digitalportal/index.aspx?1=1,12,Food & Supplies Department,0,F,0,FALSE,"It aims to ensure food and nutrition by supply of food. Under this scheme almost 90.6% of population, would come under food security.",NA,User who wants to apply for Khadya Sathi should be permanent resident of West Bengal. Applicant should have his/her Ration Card. People who live below poverty line and people who live in rural areas and had affected by flood are also eligible for this scheme. Applicant if he/she does Government jobs not comes under this scheme,"Copy of original Aadhar Card, Applicant’s Ration Card, Applicant’s Permanent Resident Certificate ( electricity bill, water bill etc.), Income Certificate, BPL Ration Card, Mobile Number, Passport size photograph.",0,200,0,0,0,0,0,0,0
334,0,Apply - Student Credit Card,Scholarship,Apply - Student Credit Card,https://wbscc.wb.gov.in/Applicant_Registration,14,Higher Education Department,0,F,1,FALSE,"West Bengal Student Credit Card Scheme aims to aid students of class 10 and above, to avail loan upto Rs.10 lakh to pursue Higher Studies in School / College / Institute within State, other States or abroad.","Open the WBSCC (Department of Higher Education West Bengal) official website and click on “Student Registration” Option. Now, Student Registration – Online Application Form will display on your system screen. Applicant should provide the Personal Details such as name, address, DOB, Aadhar No., Contact Details, password, educational qualification, etc. After filling the correct details hit on “Register” button. Now, login with Application ID and Password to complete application process. Fill the required details and upload supporting documents. Verify the details provided on Online Application and go for Final Submission of this scheme.","(1) Only Students can get benefit of “Student Credit Card Yojana” launched by West Bengal State. (2) Loan can be availed student who are studying above 10th standard. (3) Upper Age Limit is 40 Years. (4) Applicant must be permanent resident of West Bengal State. (5) Applicant must be living in West Bengal for a period of at least 10 years. (6) Loan can be extended to preparation of National Level Competitive Examinations such as IPS, WBPSC, IAS, IITs, IIMs, etc. (7) Loan Repayment Period: 15 Years after getting job. (8) This loan can be used only for Higher Education Purpose not for other commercial purpose.","Aadhar card, Residence certificate, Mobile number, Passport size photograph, Age proof, Ration card, Income certificate, Bank account details.",15,40,0,0,0,0,0,0,0
336,0,KYC for citizen  (only for KMC),KMC,Modify - KYC for Citizen ,https://www.kmcgov.in/KMCPortal/jsp/UserLoginPage.jsp,36,Urban Dev & MA,0,F,1,FALSE,"NA
","NA
","NA
","NA
",18,200,0,0,0,0,0,0,0
337,1,Search - Print Duplicate Bill of PD (only for KMC),KMC,Search - Print Duplicate Bill of PD,https://www.kmcgov.in/KMCPortal/jsp/PDDemandPrint.jsp,36,Urban Dev & MA,0,F,1,FALSE,"NA
","NA
","NA
","NA
",18,200,0,0,0,0,0,0,1
370,1,Apply - Certificate of Non-Forest Land,Certificate of Non-Forest Land,Apply - Certificate of Non-Forest Land,https://nfc.wbforest.org/api/api.php,38,West Bengal Forest Department,1,P,1,TRUE,"Non-Forest Land Use means an area managed for uses other than for the production of timber and other forest products or for the maintenance of woody vegetation for such indirect benefits as protection of catchment areas, wildlife habitat, or recreation. Citizen can apply for the certificate as their land is under Non-Forest Land",,,,18,200,0,0,0,0,0,0,1
338,0,Apply - Online Mutation Application (only for KMC),KMC,Apply - Online Mutation Application,https://www.kmcgov.in/KMCPortal/jsp/AssesseeMutationApplication.jsp,36,Urban Dev & MA,0,F,1,FALSE,"To provide rightful ownership to the new owner.
","Applicant can submit application on a white sheet (where the Premises No.& Assessee Number should be mentioned) at the Head Office (1st Floor) or at N.O.C. Counter of the Assessment - Collection Department of the other Corporation offices after collecting the No Outstanding Certificate for the premises for which s/he wants to do mutation by submitting.
","Any residence under KMC
","""a. In case of Mutation on succession ground death certificate of the R/O and an affidavit regarding legal heirs (incase of intestate succession) or probated will (incase of testamentary succession),

b. In case of mutation and apportionment of tax, please submit a site-plan duly signed by an LBS and the applicant(s) showing the entire area of the premises as well the area(s) under the occupation of the individual applicant(s) along with the prescribed form of mutation (A-42).

c. In case of Mutation Amalgamation or Mutation-separation, please enclose detail site map duly signed by a LBS.""
",18,200,0,0,0,0,0,0,0
339,0,online application for mail address change   (only for KMC),KMC,Modify - Mailing Address,https://www.kmcgov.in/KMCPortal/jsp/AsseseeAddressChange.jsp,36,Urban Dev & MA,0,F,1,FALSE,"NA
","NA
","NA
","NA
",18,200,0,0,0,0,0,0,0
340,1,Search - Download NOC (only for KMC),KMC,Search - Download NOC ,https://www.kmcgov.in/KMCPortal/jsp/NocDetails.jsp,36,Urban Dev & MA,0,F,1,FALSE,"NA
","NA
","NA
","NA
",18,200,0,0,0,0,0,0,1
341,1,Apply - Assessment Register Printing  (only for KMC),KMC,Apply - Assessment Register Printing ,https://www.kmcgov.in/KMCPortal/jsp/AssessmentReportPrint.jsp,36,Urban Dev & MA,0,F,1,FALSE,,,,,18,200,0,0,0,0,0,0,1
342,1,Search - Printing of Renewal Demand (CE)  (only for KMC),KMC - Trade License,Search - Printing of Renewal Demand (CE),https://www.kmcgov.in/KMCPortal/BSKIntegrationAction.do,36,Urban Dev & MA,0,F,1,FALSE,"NA
","NA
","NA
",NA,18,200,0,0,0,0,0,0,1
343,1,Apply - New License (CE) Application  (only for KMC),KMC - Trade License,Apply - New License (CE) Application,https://www.kmcgov.in/KMCPortal/BSKIntegrationAction.do,36,Urban Dev & MA,0,F,1,FALSE,"To provide the Certificate of Enlistment.
","Registering through KMC web portal https://www.kmcgov.in by submitting information like registered email ID, phone no., CE no.
","Any resident engaged in any profession, trade or calling.
","Any Photo Identity Documents (EPIC/ AADHAAR /DRIVING LICENCE/PASSPORT etc.) issued by Government authority as Identity proof as well as proof of residential proof of applicant. Any of the below mentioned documents as proof of ownership/occupancy i.e Property tax bill/ property tax receipt/ Deed of Conveyance /Lease deed / Sublease deeds/ Leave and license agreement/ Rent receipt/ Rent Agreement/ No objection certificate if it is rent free /Electricity bill/ Telephone bill/ in respect of the place of business and in the name of applicant.
",18,200,0,0,0,0,0,0,1
345,1,online application for defaulter renewal application (CE)  (only for KMC),,,https://www.kmcgov.in/KMCPortal/jsp/LicenceRenewalApplicationForm.jsp,36,Urban Dev & MA,0,F,0,FALSE,"To provide to the ones who defaulted to renew the Certificate of Enlistment.
","Registering through KMC web portal https://www.kmcgov.in by submitting information like registered email ID, phone no., CE no.
","Any resident engaged in any profession, trade or calling.
","a. Proof of identity, b. proof of ownership/occupancy
",18,200,0,0,0,0,0,0,1
346,1,Apply - Defaulter Renewal Application Demand Printing (CE),KMC - Trade License,Apply - Defaulter Renewal Application Demand Printing (CE),https://www.kmcgov.in/KMCPortal/BSKIntegrationAction.do,36,Urban Dev & MA,0,P,1,TRUE,"To provide printed copy of Certificate of Enlistment to the defaulter.
","Registering through KMC web portal https://www.kmcgov.in by submitting information like registered email ID, phone no., CE no.
","Any resident engaged in any profession, trade or calling.
","a. Proof of identity, b. proof of ownership/occupancy
",18,200,0,0,0,0,0,0,1
347,1,Apply - Closure of Existing (CE) Application  (only for KMC),KMC - Trade License,Apply - Closure of Existing (CE) Application,https://www.kmcgov.in/KMCPortal/BSKIntegrationAction.do,36,Urban Dev & MA,0,F,1,FALSE,"To provide closure for any existing Certificate of Enlistment.
","Registering through KMC web portal https://www.kmcgov.in & submit information like registered email ID, phone no., CE no.
","Any resident engaged in any profession, trade or calling.
","Identity Proof Document, Payment Receipt of Current Financial Year (Scanned Copy self-attested) of CE and One supporting document for required Change of CE e.g. ROC document / Board resolution / Declaration of Partners / Any other documents issued by only Government Authority, reflecting closure or Change information.
",18,200,0,0,0,0,0,0,1
348,1,Modify - Minor Change in Existing CE  (only for KMC),KMC - Trade License,Modify - Minor Change in Existing CE,https://www.kmcgov.in/KMCPortal/BSKIntegrationAction.do,36,Urban Dev & MA,0,F,1,FALSE,"To make minor changes in the existing Certificate of Enlistment.
","Registering through KMC web portal https://www.kmcgov.in by submitting information like registered email ID, phone no., CE no. & then applicant may change minor information like Air-Conditioned/ Area/ Name of Proprietor /Partners/Director(s)/Manager/Karta Information only.
","Any resident engaged in any profession, trade or calling.
","Identity Proof Document, Payment Receipt of Current Financial Year (Scanned Copy self-attested) of CE and One supporting document for required Change of CE e.g. ROC document / Board resolution / Declaration of Partners / Any other documents issued by only GOVT Authority, reflecting desired correct information or Change information
",18,200,0,0,0,0,0,0,1
349,0,dashboard for online building permit and other eodb related services  (only for KMC),KMC,Apply - Online building permit and other EODB related services,https://www.kmcgov.in/KMCPortal/jsp/EODBDashboard.jsp,36,Urban Dev & MA,0,F,1,FALSE,,,,,18,200,0,0,0,0,0,0,0
350,0,Online application for water tanker,KMC - Water Supply,Apply - Water Tanker,https://kmc.wb.gov.in/citizen/user/login,36,Urban Dev & MA,0,F,1,FALSE,"NA
","NA
","NA
","NA
",18,200,0,0,0,0,0,0,0
351,0,Online water connection (domestic),KMC - Water Supply,Apply - Water Connection (Domestic),https://kmc.wb.gov.in/citizen/user/login,36,Urban Dev & MA,0,F,1,FALSE,"To provide domestic Water Connection.
","Applicant can register through http://edistrict.wb.gov.in/  and after that applicable fees to be submitted on line through e-payment gateway via ICICI BANK and Bill Desk/Online Payment may be made at “Unnayan Bhavan” by providing Pay Order or by Bank Draft only as per Software provision.
","Any residence under KMC
","Tax Receipt of the premises, Title Deed (Dalil)/Porcha, Photo Identity Proof of the Owner (Aadhar Card/Voter Card/PAN Card), etc
",18,200,0,0,0,0,0,0,0
352,0,Apply - eKYC Seeding of Aadhaar with Digital Ration Card,Digital Ration Card,Apply - eKYC Seeding of Aadhaar with Digital Ration Card,https://wbpds.wb.gov.in/directauth.aspx?1=1,12,Food & Supplies Department,0,F,1,FALSE,"To enables efficiency and more critically, ease for customers to access their Digital Ration Card (DRC)
","Beneficiary has to submit Form-11 online or online to link their Aadhaar number and mobile number to their digital ration card (DRC)
","Any Indian citizen residing in West Bengal holding an Aadhaar Card & Digital Ration Card (DRC) 
",1. Aadhaar card  2. linked mobile number to Aadhaar card 3. Digital Ration Card (DRC),18,200,0,0,0,0,0,0,0
376,0,Test Service,Test,Apply,https://test.com,1,Agricultural Marketing Department,0,I,0,FALSE,,,,,0,200,0,0,0,0,0,0,0
354,0,Payment - Electricity Bill of CESC,Electricity Bill - CESC,Payment - Electricity Bill of CESC,https://extsrv.cesc.co.in/kb81siB3e/busSerkP/ebpkgd45QW/monthlybill_bsk.php,27,Power Department,0,P,1,TRUE,Simplified procedure for payment of electricity bills,o From CESC Portal (https://www.cesc.co.in/) > Online Payment option > o E-payment - Registered consumers can pay theirbill after entering Dashboard after entering the log-in Credentials. o All the demand details will appear in the screen > Intending consumers have to select the Payment Gateway and agree to terms & conditions of online payment > Intending consumer will transferred to the Gateway page from where he or she can select the payment option like Credit Card/ Debit Cards/Internet Banking /UPI/QR Code(BHIM/Bharat QR)/Wallet/Cash Card/Phone Pe etc. o No transaction charges to be paid if Bill desk is chosen as payment gateway. o For successful transaction the Transaction Receipt will be generated instantly o CESC Portal (www.cesc.co.in) > Online Payment Option > Quick Pay option > E-payment Unregistered consumers can pay his bill by selecting Quick Pay option o Online Payment Option > Quick Pay (Energy Bill)option > select the Payment Gateway and agreed to terms & conditions of online payment > Intending consumer will transferred to the Gateway page from where he can select the payment option like Credit Card/ Debit Cards/Internet Banking /UPI/QR Code(BHIM/Bharat QR)/Wallet/Cash Card/Phone Pe etc. While in Dashboard no Captcha is required for any payment. o No transaction charges to be paid if Bill desk is chosen as payment gateway. o For successful transaction the Transaction Receipt will be generated instantly.,Any individual household having electrical connection,Monthly/Quarterly Bill having valid Consumer ID,18,200,0,0,0,0,0,0,0
355,1,Download - Payment for Quotation Letter of New Connection WBSEDCL,New Connection (L/T) - WBSEDCL,Download - Payment for Quotation Letter of New Connection WBSEDCL,https://portal.wbsedcl.in/quickkpayy/QuickQuotationPay.jsp,27,Power Department,0,P,1,TRUE,"Simplied procedure for application for new electrical service connection to different category of users
","Through WBSEDCL Portal Home page: https://www.wbsedcl.in
","Any adult citizen
","""1.  Passport/Voter ID/Telephone Bill
2.  Land ownership document (Property Paper/Purchase Deed/Tenancy
Deed/Tax Receipt of Panchayat/Municipality )""
",18,200,0,0,0,0,0,0,1
356,1,Search - Regenerate Receipt of WBSEDCL,Electricity Bill - WBSEDCL,Search - Regenerate Receipt of WBSEDCL,https://portal.wbsedcl.in/BSKRegenerateReceipt/RegenerateReceipt.jsp,27,Power Department,0,F,1,FALSE,"To regenerate the bills e-copy
","""1. Can download the receipt from website within 01 (one) working day subject to receive payment confirmation from bank/card issuing authority through the concerned payment gateway to WBSEDCL
2. If customer want to re-try to make payment against the same bill to avoid consequences due to uncertainty of payment confirmation from your bank/card issuing authority to WBSEDCL or do not able to download last concerned receipt after 01(one) working day then have to take up the matter with the respective bank/card issuing authority for refund of the previous unsuccessful transaction.""
","Monthly/Quarterly Bill payable amount is debited/charged from your bank account/card but somehow you do not receive the transaction/payment receipt 
","Monthly/Quarterly Bill having valid Consumer ID
",18,200,0,0,0,0,0,0,1
357,1,Payment History - WBSEDCL,Electricity Bill - WBSEDCL,Search - Payment History,https://portal.wbsedcl.in/BSKPaymentHistory/PaymentHistory.jsp,27,Power Department,0,F,1,FALSE,"Simplified procedure for payment of electricity bills
","""1. Visit WBSEDCL Portal (www.wbsedcl.in)  for Online Payment option 
2.  E-payment - Registered consumers can pay theirbill after entering Dashboard after entering the log-in Credentials.""
","Any individual household having electrical connection
","Monthly/Quarterly Bill having valid Consumer ID
",18,200,0,0,0,0,0,0,1
358,1,Search - Download of e-Ration Card,Digital Ration Card,Search - Download of e-Ration Card,https://wbpds.wb.gov.in/E_Card_Download.aspx,12,Food & Supplies Department,0,F,1,FALSE,Digital Ration Card from the Department of Food and Supplies can be downloaded from BSK portal ,"If you have a domicile certificate of West Bengal, then you are eligible to apply for ration card. Please visit your nearest BSK …GIS link to apply.", All those with domiciles of West Bengal can apply. Visit your nearest BSK for more details.  , Time to time the department updates the information so visit the official website of Food and Supplies website or visit nearest BSK for the detail information. ,0,200,0,0,0,0,0,0,1
359,1,Download  - Registration Certificate (e-Parimap),Consumer Services,Download  - Registration Certificate (e-Parimap),https://bsk.wb.gov.in/eparimap,6,Consumer Affairs Department,0,F,1,FALSE,,,,,18,200,0,0,0,0,0,0,1
360,1,Download -License Certificate (e-Parimap),Consumer Services,Download -License Certificate (e-Parimap),https://bsk.wb.gov.in/eparimaplicense,6,Consumer Affairs Department,0,F,1,FALSE,,,,,18,200,0,0,0,0,0,0,1
361,0,Apply for adding/modifying/surrendering existing Ration Card,,,https://food.wb.gov.in/,12,Food & Supplies Department,0,P,0,TRUE,,,,,18,200,0,0,0,0,0,0,0
362,0,Aadhaar linking/e-KYC for flagged Ration Card,,,https://food.wb.gov.in/,12,Food & Supplies Department,0,F,0,FALSE,,,,,18,200,0,0,0,0,0,0,0
363,1,Apply - Download and Print Birth Certificate,Birth and Death,Apply - Download and Print Birth Certificate,https://bsk.wb.gov.in/birthreg,13,Health & Family Welfare Department,0,F,1,FALSE,,,,,0,200,0,0,0,0,0,0,1
364,1,Apply - Download and Print Death Certificate,Birth and Death,Apply - Download and Print Death Certificate,https://bsk.wb.gov.in/deathreg,13,Health & Family Welfare Department,0,P,1,TRUE,,,,,0,200,0,0,0,0,0,0,1
365,0,Apply - Conversion Application,Property,Apply - Conversion Application,https://banglarbhumi.gov.in/BanglarBhumi/Home.action,20,Land & Land Reforms and Refugee Relief & Rehabilitation,0,P,1,TRUE,Updation of record of rights owing to change of ownership of land,Application can be done by the applicant after signing in and entering OTP received in mobile and e-mail in web portal www.banglarbhumi.gov.in with fee and for agricultural land without fee. Payment gateway exists in the web portal itself. The relevant enclosures can be uploaded.,Concerned raiyat/owner holding land.,"Copy of deed of purchase or warish/ succession certificate as is applicable, rent receipt where applicable, declaration in prescribed form with court fee of Rs.10/-.",18,200,0,0,0,0,0,0,0
366,0,Apply - Manabik Pension Scheme (Disability Pension Scheme),Pension Scheme,Apply - Manabik Pension Scheme (Disability Pension Scheme),https://jaibangla.wb.gov.in/login,39,Women & Child Development and Social Welfare Department,0,F,1,FALSE,,,,,60,200,0,0,0,0,0,0,0
367,1,Search - GRN Information,Property,Search - GRN Information,https://banglarbhumi.gov.in/BanglarBhumi/Home.action,20,Land & Land Reforms and Refugee Relief & Rehabilitation,1,I,1,FALSE,GRN Search (GRIPS Payment Details) in banglarbhumi.gov.in,GRN Search (GRIPS Payment Details) in banglarbhumi.gov.in,GRN Search (GRIPS Payment Details) in banglarbhumi.gov.in,GRN Search (GRIPS Payment Details) in banglarbhumi.gov.in,0,200,0,0,0,0,0,0,1
368,0,Application for applying learners licence,Sarathi,Apply - Learner Licence,https://sarathi.parivahan.gov.in/sarathiservice/CSCAgencyAuthService.jsp,33,Transport Department,1,P,1,TRUE,Application for applying learners licence,,,,18,60,0,0,0,0,0,0,0
369,1,Status - Application of Learners Licence,Sarathi,Search - Application Status of Learners Licence,https://sarathi.parivahan.gov.in/sarathiservice/applViewStatus.do,33,Transport Department,1,F,1,FALSE,Application Status of learners licence,,,,18,60,0,0,0,0,0,0,1
389,1,Laxmi Bhandar - Search Application Status,Laxmi Bhandar,Search Application Status,https://socialsecurity.wb.gov.in/login,39,Women & Child Development and Social Welfare Department,1,F,0,FALSE,,,,,18,200,0,0,0,0,1,0,1
392,0,Modify - Add member / FPS of Ration Card Holder,Digital Ration Card,Modify - Add member / FPS of Ration Card Holder,https://wbpds.wb.gov.in/(S(3kbgozbon50e5d5zcrec1mw5))/Digitalportal/index.aspx,12,Food & Supplies Department,1,F,1,FALSE,,,,,18,200,0,0,0,0,0,0,0
393,1,Search - Schedule Paddy Sale,Paddy Sale,Search - Schedule Paddy Sale,https://food.wb.gov.in/,12,Food & Supplies Department,0,F,1,FALSE,,,,,0,200,0,0,0,0,0,0,1
396,0,Apply - Pre-Registration Form for Paschim Banga Society for Skill Development(Utkarsh Bangla),PBSSD,Apply - Pre-Registration Form for Paschim Banga Society for Skill Development(Utkarsh Bangla),https://www.pbssd.gov.in/trainee_bsk,31,"Technical Education, Training & Skill Development Department",1,F,1,FALSE,Paschim Banga Society for Skill Development (PBSSD),Paschim Banga Society for Skill Development (PBSSD),Paschim Banga Society for Skill Development (PBSSD),Paschim Banga Society for Skill Development (PBSSD),15,40,0,0,0,0,0,0,0
398,0,Apply - Recognition of Service Providers,Tourism Services,Apply - Recognition of Service Providers,https://tspr2021.wbtourismgov.in/webservices/rest/bskserviceone,32,Tourism Department,1,P,1,TRUE,"The Government of West Bengal, Department of Tourism had been giving recognition to tourism stake holders in the past for which Rules for Voluntary Recognition of Tour and Travel Operators was published in April 2006.

With the emerging changing trends in the Tourism Sector it was felt appropriate to provide proper classification of the various Tourism Stakeholders under various categories such as Inbound Tour Operators, Domestic Tour Operators, Travel Agents and Tourist Transport Operators and provide Recognition accordingly.

Further, the Coronavirus (COVID-19) pandemic has triggered an unprecedented crisis in the tourism sector. All these factors have necessitated that the guidelines for giving Recognition to Tourism Service Providers are revised appropriately.",,,,18,200,0,0,0,0,0,0,0
399,0,Apply - FPC Enrollment,Sufal Bangla,Apply - FPC Enrollment,https://www.sufalbangla.in/sufalbanglaPortal/showUserRegistrationFPC,1,Agricultural Marketing Department,1,F,1,FALSE," FPC (Farmer Producer Company) is an organization specifically designed for farmers, agriculturists, milk producers, and person engaged in farming activities. As small producers do not have the volume of inputs necessary to benefit from the agricultural produce on a large scale, the FPC aims at ensuring better results for farmers through an organisation of its own.","On the web portal, free of cost","Individual/group/FPC having valid bank A/C, PAN, Address Proof, Id Proof, CIN, GST, FSSAI, Registration etc","Certificate of being a farmer/FPO/FPC, etc",18,200,0,0,0,0,0,0,0
400,0,Apply - Group Enrollment Form other than FPC,Sufal Bangla,Apply - Group Enrollment Form other than FPC,https://www.sufalbangla.in/sufalbanglaPortal/showUserRegistrationGRP,1,Agricultural Marketing Department,1,F,1,FALSE,The group enrollment for the farmer is available and that can apply from BSK. It will be very helpful to get the available services from the agriculture department. ,"On the web portal, free of cost","Individual/group/FPC having valid bank A/C, PAN, Address Proof, Id Proof, CIN, GST, FSSAI, Registration etc","Certificate of being a farmer/FPO/FPC, etc",18,200,0,0,0,0,0,0,0
401,1,Online Application for Defaulter Renewal Application,KMC - Trade License,Apply - Defaulter Renewal,https://www.kmcgov.in/KMCPortal/BSKIntegrationAction.do,36,Urban Dev & MA,1,F,1,FALSE,,,,,18,200,0,0,0,0,0,0,1
402,0,Online Admission in Government ITIs,Govt ITI Admission,Apply - Admission in Government ITIs,https://scvtwb.in/apilanding.aspx,31,"Technical Education, Training & Skill Development Department",0,P,1,TRUE,,,,,15,25,0,0,0,0,0,0,0
403,0,Apply - WBFDC Property Booking,Property Booking,Apply - WBFDC Property Booking,https://wbfdc.net/booking,38,West Bengal Forest Department,1,P,1,TRUE,"The WBFDCL is committed to promote Scientific Forestry, Environmental Conservation, Eco-development , Eco - tourism and Community Participation through JFM in the State of West Bengal in accordance with the National Forest Policy - 1988, the directives issued by the State Government from time to time and the Memorandum and Articles of Association of this Corporation.",,,,18,200,0,0,0,0,0,0,0
404,1,Search - Blood Bank Information,Blood,Search - Blood Bank Information,https://www.wbhealth.gov.in/pages/blood_bank,13,Health & Family Welfare Department,0,I,1,FALSE,,,,,0,200,0,0,0,0,0,0,1
405,0,Modify - Member Name Correction after Receiving Card (Form – C),Swasthya Sathi,Modify - Member Name Correction after Receiving Card (Form – C),https://accounts.swasthyasathi.gov.in/SSPublicDataEntry_BSK.aspx,13,Health & Family Welfare Department,0,F,1,FALSE,,,,,0,200,0,0,0,0,0,0,0
406,0,Apply- Addition of New Member after Receiving Card (Form – A),Swasthya Sathi,Apply- Addition of New Member after Receiving Card (Form – A),https://accounts.swasthyasathi.gov.in/SSPublicDataEntry_BSK.aspx,13,Health & Family Welfare Department,0,F,1,FALSE,,,,,0,200,0,0,0,0,0,0,0
407,0,Modify - Member Deletion after Receiving Card (Form – D),Swasthya Sathi,Modify - Member Deletion after Receiving Card (Form – D),https://accounts.swasthyasathi.gov.in/SSPublicDataEntry_BSK.aspx,13,Health & Family Welfare Department,0,F,1,FALSE,,,,,0,200,0,0,0,0,0,0,0
408,1,Search - Status of Application of Swasthya Sathi Card,Swasthya Sathi,Search - Status of Application of Swasthya Sathi Card,https://data.swasthyasathi.gov.in/SSDataEntryStatusCheck.aspx,13,Health & Family Welfare Department,0,I,1,FALSE,,,,,0,200,0,0,0,0,0,0,1
409,0,Apply - Filing of Affidavits by Citizen,Rent Control,Apply - Filing of Affidavits by Citizen,https://solution.wb.gov.in/bskServiceAuth,20,Land & Land Reforms and Refugee Relief & Rehabilitation,0,F,1,FALSE,,,,,18,200,0,0,0,0,0,0,0
410,0,Online Deposit of Rent by Tenants,Rent Control,Deposit - Rent by Tenants,https://solution.wb.gov.in/bskServiceAuth,20,Land & Land Reforms and Refugee Relief & Rehabilitation,0,P,1,TRUE,,,,,18,200,0,0,0,0,0,0,0
411,1,Online Request for Certificate Copy by Citizens,Rent Control,Apply - Certificate Copy,https://solution.wb.gov.in/bskServiceAuth,20,Land & Land Reforms and Refugee Relief & Rehabilitation,0,P,1,TRUE,,,,,0,200,0,0,0,0,0,0,1
412,0,Apply - Certified Copy of Marriage Records,Marriage,Apply - Certified Copy of Marriage Records,https://rgmwb.gov.in/MARREG_CertifiedCopy/MARREG_CertifiedCopyOfCertificates.aspx,21,Law Department,1,P,1,TRUE,,,,,21,200,0,0,0,0,0,0,0
413,1,Search - Marriage Record,Marriage,Search - Marriage Record,https://rgmwb.gov.in/MARREG_SearchRecords/MARREG_SearchMarriageRecords.aspx,21,Law Department,0,P,1,TRUE,,,,,21,200,0,0,0,0,0,0,1
414,1,Search - Application for Objection,Marriage,Search - Application for Objection,https://rgmwb.gov.in/MARREG_Portal/MARREG_Objection.aspx,21,Law Department,0,F,1,FALSE,,,,,21,200,0,0,0,0,0,0,1
415,0,Apply - Request to Change of Marriage Officer,Marriage,Apply - Request to Change of Marriage Officer,https://rgmwb.gov.in/MARREG_Portal/MARREG_Change_MO.aspx,21,Law Department,0,F,1,FALSE,,,,,21,200,0,0,0,0,0,0,0
416,1,Search - Download Marriage Certificate,Marriage,Search - Download Marriage Certificate,https://rgmwb.gov.in/MARREG_Portal/MARREG_Home.aspx,21,Law Department,0,P,1,TRUE,,,,,21,200,0,0,0,0,0,0,1
417,1,Status - Application Banglashree Scheme,Banglashree,Status - Application Banglashree Scheme,https://wbmsme.gov.in/,23,"Micro, Small & Medium Enterprises and Textiles Department",0,F,1,FALSE,,,,,18,200,0,0,0,0,0,0,1
418,1,Search - Download Certificate of Banglashree Scheme,Banglashree,Search - Download Certificate of Banglashree Scheme,https://wbmsme.gov.in/,23,"Micro, Small & Medium Enterprises and Textiles Department",0,F,1,FALSE,,,,,18,200,0,0,0,0,0,0,1
419,0,Payment - New Connection E-Pay New Connection (LT) ,New Connection (L/T) - WBSEDCL,Payment - New Connection E-Pay New Connection (LT) ,https://portal.wbsedcl.in/BSKSSO/NewConnectionSSO,27,Power Department,0,P,1,TRUE,,,,,18,200,0,0,0,0,0,0,0
420,1,Search - Payment Receipt New Connection (LT),New Connection (L/T) - WBSEDCL,Search - Payment Receipt New Connection (LT),https://portal.wbsedcl.in/BSKSSO/NewConnectionSSO,27,Power Department,0,F,1,FALSE,,,,,18,200,0,0,0,0,0,0,1
421,1,New Connection (LT) - New Connection Application Status,New Connection (L/T) - WBSEDCL,Status - New Connection (L/T) Application - WBSEDCL,https://portal.wbsedcl.in/BSKSSO/NewConnectionSSO,27,Power Department,0,F,1,FALSE,,,,,18,200,0,0,0,0,0,0,1
422,1,Search - Welcome Letter New Connection (LT),New Connection (L/T) - WBSEDCL,Search - Welcome Letter New Connection (LT),https://portal.wbsedcl.in/BSKSSO/NewConnectionSSO,27,Power Department,0,F,1,FALSE,,,,,18,200,0,0,0,0,0,0,1
423,0,Apply - Diploma in Pharmacy,Diploma Admission,Apply - Diploma in Pharmacy,https://sctvesd.wb.gov.in/api_rest_server/bsk/bsk_response/online_application_response,31,"Technical Education, Training & Skill Development Department",0,P,1,TRUE,,,,,15,25,0,0,0,0,0,0,0
424,0,Apply  - Post Diploma in Petrochemical and Medical Electronics,Diploma Admission,Apply  - Post Diploma in Petrochemical and Medical Electronics,https://sctvesd.wb.gov.in/api_rest_server/bsk/bsk_response/online_application_response,31,"Technical Education, Training & Skill Development Department",0,P,1,TRUE,,,,,18,30,0,0,0,0,0,0,0
425,1,Search - Payment of Tax (MV),Vahan,Search - Payment of Tax (MV),https://vahan.parivahan.gov.in/vahanservice/vahan/ui/statevalidation/homepage.xhtml,33,Transport Department,0,P,1,TRUE,,,,,18,200,0,0,0,0,0,0,1
426,0,Apply - Transfer of Ownership,Vahan,Apply - Transfer of Ownership,https://vahan.parivahan.gov.in/vahanservice/vahan/ui/statevalidation/homepage.xhtml,33,Transport Department,0,P,1,TRUE,,,,,18,200,0,0,0,0,0,0,0
427,0,Vahan - Change of Address / Hypothecation addition / Duplicate RC,Vahan,Modify - Address / Hypothecation Addition / Duplicate RC,https://vahan.parivahan.gov.in/vahanservice/vahan/ui/statevalidation/homepage.xhtml,33,Transport Department,0,P,1,TRUE,,,,,18,200,0,0,0,0,0,0,0
428,1,Apply - No Objection Certificate (NOC),Vahan,Apply - No Objection Certificate (NOC),https://vahan.parivahan.gov.in/vahanservice/vahan/ui/statevalidation/homepage.xhtml,33,Transport Department,0,P,1,TRUE,,,,,18,200,0,0,0,0,0,0,1
429,1,Apply - Renewal of Registration (RC),Vahan,Apply - Renewal of Registration (RC),https://vahan.parivahan.gov.in/vahanservice/vahan/ui/statevalidation/homepage.xhtml,33,Transport Department,0,P,1,TRUE,,,,,18,200,0,0,0,0,0,0,1
430,1,Search - Print Unpaid Bills and F/S Bill ,KMC,Search - Print Unpaid Bills and F/S Bill ,https://www.kmcgov.in/KMCPortal/jsp/FSDemandPrint.jsp,36,Urban Dev & MA,0,F,1,FALSE,,,,,18,200,0,0,0,0,0,0,1
431,1,Print - Unpaid Bills of Outstanding LOI ,KMC,Print - Unpaid Bills of Outstanding LOI ,https://www.kmcgov.in/KMCPortal/jsp/LOIDemandPrint.jsp,36,Urban Dev & MA,0,F,1,FALSE,,,,,18,200,0,0,0,0,0,0,1
432,0,Apply - BENFISH Property Booking,BENFIGH,Apply - BENFISH Property Booking,https://www.benfishtourism.com/,10,Fisheries Department,0,P,1,TRUE,,,,,18,200,0,0,0,0,0,0,0
457,1,Search - PMSVA Nidhi Scheme,UDMA,Search - PMSVA Nidhi Scheme,https://pmsvanidhi.mohua.gov.in/LoginLoRCumLoan,,Urban Development and Municipal Affairs Department,0,F,1,FALSE,"Street vendors represent a very important
constituent of the urban informal economy and
play a significant role in ensuring availability
of the goods and services at affordable rates
at the door-step of the city dwellers. They
are known as vendors, hawkers, thelewala,
rehriwala, theliphadwala etc. in different
areas/ contexts. The goods supplied by them
include vegetables, fruits, ready-to-eat street
food, tea, pakodas, breads, eggs, textile,
apparel, footwear, artisan products, books/
stationary etc. The services include barber
shops, cobblers, pan shops, laundry services
etc. The COVID-19 pandemic and consequent
lockdowns have adversely impacted the
livelihoods of street vendors. They usually
work with a small capital base and might have
consumed the same during the lockdown.
Therefore, there is an urgent need to provide
credit for working capital to street vendors to
resume their business.",,,,18,200,0,0,0,0,0,0,1
458,0,Apply - Group Loan and Fresh Loan,Group Loan,Apply - Group Loan and Fresh Loan,https://dls.wbmdfc.org/applicant/fresh-loan/login,,Minority Affairs & Madrasah Education Department,0,F,1,FALSE,,,,,18,200,0,0,0,0,0,0,0
459,0,Modify - Group Loan Application,Group Loan,Modify - Group Loan Application,https://dls.wbmdfc.org/applicant/edit-application/login,,Minority Affairs & Madrasah Education Department,0,F,1,FALSE,,,,,18,200,0,0,0,0,0,0,0
460,0,Apply - Refinance of Group Loan,Group Loan,Apply - Refinance of Group Loan,https://dls.wbmdfc.org/applicant/refinance-loan/login,,Minority Affairs & Madrasah Education Department,0,F,1,FALSE,,,,,18,200,0,0,0,0,0,0,0
461,1,Search - Group Loan Status,Group Loan,Search - Group Loan Status,http://dls.wbmdfc.org:8086/loanapp2/applicant.xhtml,,Minority Affairs & Madrasah Education Department,0,F,1,FALSE,,,,,0,200,0,0,0,0,0,0,1
462,1,Apply - Fitness Renewal,Vahan,Apply - Fitness Renewal,https://vahan.parivahan.gov.in/vahanservice/vahan/ui/statevalidation/homepage.xhtml,,Transport Department,0,P,1,TRUE,,,,,18,200,0,0,0,0,0,0,1
463,0,Apply - Conversion of Vehicle,Vahan,Apply - Conversion of Vehicle,https://vahan.parivahan.gov.in/vahanservice/vahan/ui/statevalidation/homepage.xhtml,,Transport Department,0,P,1,TRUE,,,,,18,200,0,0,0,0,0,0,0
464,0,Apply - Alternation of Vehicle,Vahan,Apply - Alternation of Vehicle,https://vahan.parivahan.gov.in/vahanservice/vahan/ui/statevalidation/homepage.xhtml,,Transport Department,0,P,1,TRUE,,,,,18,200,0,0,0,0,0,0,0
465,0,Apply - RC Particulars,Vahan,Apply - RC Particulars,https://vahan.parivahan.gov.in/vahanservice/vahan/ui/statevalidation/homepage.xhtml,,Transport Department,0,P,1,TRUE,,,,,18,200,0,0,0,0,0,0,0
466,0,Vahan - Mobile Number Update,Vahan,Update - Mobile Number,https://vahan.parivahan.gov.in/vahanservice/vahan/ui/statevalidation/homepage.xhtml,,Transport Department,0,P,1,TRUE,,,,,18,200,0,0,0,0,0,0,0
467,0,Apply - Withdrawal of Application,Vahan,Apply - Withdrawal of Application,https://vahan.parivahan.gov.in/vahanservice/vahan/ui/statevalidation/homepage.xhtml,,Transport Department,0,P,1,TRUE,,,,,18,200,0,0,0,0,0,0,0
468,0,Apply - Registration of Migrant Workers,Schemes,Apply - Registration of Migrant Workers,https://karmasathips.wblabour.gov.in/bsk-services,,Labour Department,1,F,1,FALSE,,,,,18,60,0,0,0,0,0,0,0
469,0,Apply - New e-Requisition Form,Revenue,Apply - New e-Requisition Form, https://wbregistration.gov.in/(S(pyekdtrxk0zbqdliu1hs5i4s))/RequisitionForm/eRequisition_Note.aspx?ID=C&Digest=BLaWg08x11-fUnvuNFHekkrgh5IDr6tNCBLdEn6kM8NqOdwgvoq1mp--5B0YJRkGH-VEd6wSxmm1wOIQgNyRRpHTiuZQSDoGBDMpaKzV6ZN2juALZ-jQAgLBuABjzIZz0,,Finance Department,0,F,1,FALSE,,,,,18,60,0,0,0,0,0,0,0
470,0,Payment - e-Payment Stamp Duty & Registration Fees,Revenue,Apply - e-Payment Stamp Duty & Registration Fees,https://bsk.wb.gov.in/callwbregistrationapi,,Finance Department,1,P,1,TRUE,,,,,18,200,0,0,0,0,0,0,0
471,1,Download- e-Assessment Slip & Print,Revenue,Download- e-Assessment Slip & Print,https://wbregistration.gov.in/(S(5fksepe5iwnkkgjwyfnezhod))/index.aspx,,Finance Department,0,P,1,TRUE,"Directorate of Registration and Stamp Revenue, West Bengal is one of the oldest directorate under Government of West Bengal. Earlier the directorate was known as the Directorate of Registration. It was redesignated at its present form in the year 1994. As per available information, the earliest record on systematic registration in Presidency Division was started on 01.02.1781. Mr. Edward Tiretta was first appointed for a salary of one thousand sicca as registrar of memorials",,,,18,200,0,0,0,0,0,0,1
472,0,Application - Refund of e-Payment,Revenue,Application - Refund of e-Payment,https://wbregistration.gov.in/(S(lvexcte0ene25m3vhonrbnwr))/index.aspx,,Finance Department,0,F,1,FALSE,"Directorate of Registration and Stamp Revenue, West Bengal is one of the oldest directorate under Government of West Bengal. Earlier the directorate was known as the Directorate of Registration.",,,,18,200,0,0,0,0,0,0,0
473,1,Search - Deed By Seller/Buyer/Party Name,Revenue,Search - Deed By Seller/Buyer/Party Name,https://wbregistration.gov.in/(S(b2v1alun12k3c4vpyb4ikvsw))/index.aspx,,Finance Department,0,P,1,TRUE,,,,,18,200,0,0,0,0,0,0,1
474,1,Search - Deed By Transacted Property Details,Revenue,Search - Deed By Transacted Property Details,https://wbregistration.gov.in/(S(b2v1alun12k3c4vpyb4ikvsw))/index.aspx,,Finance Department,0,P,1,TRUE,,,,,18,200,0,0,0,0,0,0,1
475,1,Search - Deed by Deed Number & Query Number ,Revenue,Search - Deed by Deed Number & Query Number ,https://wbregistration.gov.in/(S(b2v1alun12k3c4vpyb4ikvsw))/index.aspx,,Finance Department,0,P,1,TRUE,,,,,18,200,0,0,0,0,0,0,1
476,1,Apply - Disability Certificate,Disability,Apply - Disability Certificate,https://www.swavlambancard.gov.in/,,Health & Family Welfare Department,0,F,1,FALSE,,,,,0,200,0,0,0,0,0,0,1
477,1,Apply - Distance Certificate for Students,eDistrict,Apply - Distance Certificate for Students,/edist/distance-cert,,Home & Hill Affairs Department,0,F,1,FALSE,Distance Certificate for Students,,,,0,35,0,0,0,0,0,0,1
478,1,Apply - Ordinary Residencial Certificate,eDistrict,Apply - Ordinary Residencial Certificate,/edist/residential-cert,,Home & Hill Affairs Department,0,F,1,FALSE,Ordinary Residencial Certificate,,,,0,200,0,0,0,0,0,0,1
479,0,Apply - Permission for Delayed Registration of Birth,eDistrict,Apply - Permission for Delayed Registration of Birth,/edist/birth-cert,,Health & Family Welfare Department,0,F,1,FALSE,Permission for Delayed Registration of Birth,Permission for Delayed Registration of Birth,Permission for Delayed Registration of Birth,Permission for Delayed Registration of Birth,18,200,0,0,0,0,0,0,0
480,0,Apply - Permission for Delayed Registration of Death,eDistrict,Apply - Permission for Delayed Registration of Death,/edist/death-cert,,Health & Family Welfare Department,0,F,1,FALSE,,,,,18,200,0,0,0,0,0,0,0
481,1,Apply - Redressal of RTI queries & Tracking,eDistrict,Apply - Redressal of RTI queries & Tracking,/edist/rti-queries-app,,Home & Hill Affairs Department,0,F,1,FALSE,,,,,18,200,0,0,0,0,0,0,1
482,1,Search Preferred Colleges & Courses,Centralized College Admission (UG),Search Preferred Colleges & Courses,https://wbcap.in/,,Higher Education Department,1,F,1,FALSE,,,,,15,40,0,0,0,0,0,0,1
483,0,Registration & Admission,Centralized College Admission (UG),Registration & Admission,https://bsk.wbcap.in/api/BSKIntegration/BSKLogin,,Higher Education Department,1,P,1,TRUE,,,,,15,40,0,0,0,0,0,0,0
484,0,eChallan,Vahan,eChallan,https://bsk.wb.gov.in/challanapipost,,Transport Department,0,P,1,TRUE,,,,,18,200,0,0,0,0,0,0,0
485,0,eDistrict Dashboard,eDistrict,Show eDistrict Dashboard,/edist/dashboard,,Home & Hill Affairs Department,1,F,1,FALSE,,,,,18,200,0,0,0,0,0,0,0
486,0,Apply - Payment of Property Tax at NKDA,NKDA,Apply - Payment of Property Tax at NKDA,/edist/payofproptaxapp-nkda,,Urban Development and Municipal Affairs Department,0,P,1,TRUE,Payment of  Property Tax at NKDA,Payment of  Property Tax at NKDA,Payment of  Property Tax at NKDA,Payment of  Property Tax at NKDA,18,200,0,0,0,0,0,0,0
487,0,Apply - Assessment of Property Tax at NKDA,NKDA,Apply - Assessment of Property Tax at NKDA,/edist/astprotax-nkda,,Urban Development and Municipal Affairs Department,0,P,1,TRUE, Assessment of Property Tax at NKDA, Assessment of Property Tax at NKDA, Assessment of Property Tax at NKDA, Assessment of Property Tax at NKDA,18,200,0,0,0,0,0,0,0
488,0,Apply - Issuance of Record of Title (Mutation) by NKDA,NKDA,Apply - Issuance of Record of Title (Mutation) by NKDA,/edist/mutation-nkda,,Urban Development and Municipal Affairs Department,0,P,1,TRUE,Issuance of Record of Title (Mutation) by NKDA,Issuance of Record of Title (Mutation) by NKDA,Issuance of Record of Title (Mutation) by NKDA,Issuance of Record of Title (Mutation) by NKDA,18,200,0,0,0,0,0,0,0
489,0,Apply - Grant of Fire License,Fire,Apply - Grant of Fire License,/edist/grant-fire,,Fire & Emergency Services Department,0,P,1,TRUE,Grant of Fire License,Grant of Fire License,Grant of Fire License,Grant of Fire License,18,200,0,0,0,0,0,0,0
490,1,Apply - Renewal of Fire License,Fire,Apply - Renewal of Fire License,/edist/renew-fire-license,,Fire & Emergency Services Department,0,P,1,TRUE,Renewal of Fire License,Renewal of Fire License,Renewal of Fire License,Renewal of Fire License,18,200,0,0,0,0,0,0,1
491,0,Apply - Issuance of Fire Safety Recommendation,Fire,Apply - Issuance of Fire Safety Recommendation,/edist/issuance-of-fire-safety,,Fire & Emergency Services Department,0,P,1,TRUE,Issuance of Fire Safety Recommendation,Issuance of Fire Safety Recommendation,Issuance of Fire Safety Recommendation,Issuance of Fire Safety Recommendation,0,200,0,0,0,0,0,0,0
492,0,Apply - Issuance of Revised Fire Safety Recommendation,Fire,Apply - Issuance of Revised Fire Safety Recommendation,/edist/issuance-of-revised-fire-safety,,Fire & Emergency Services Department,0,P,1,TRUE,Issuance of Revised Fire Safety Recommendation,Issuance of Revised Fire Safety Recommendation,Issuance of Revised Fire Safety Recommendation,Issuance of Revised Fire Safety Recommendation,0,200,0,0,0,0,0,0,0
493,0,Apply - Registration of Association of Apartment Owners,Housing,Apply - Registration of Association of Apartment Owners,/edist/registration-of-association-of-apartment-owners,,Housing Department,0,P,1,TRUE,Registration of Association of Apartment Owners,Registration of Association of Apartment Owners,Registration of Association of Apartment Owners,Registration of Association of Apartment Owners,18,200,0,0,0,0,0,0,0
494,0,Apply - Form -B under West Bengal Apartment Ownership act 1972,Housing,Apply - Form -B under West Bengal Apartment Ownership act 1972,/edist/form-b,,Housing Department,0,F,1,FALSE,Form -B under West Bengal Apartment Ownership act 1972,Form -B under West Bengal Apartment Ownership act 1972,Form -B under West Bengal Apartment Ownership act 1972,Form -B under West Bengal Apartment Ownership act 1972,18,200,0,0,0,0,0,0,0
495,0,Apply - Form -C under West Bengal Apartment Ownership act 1972,Housing,Apply - Form -C under West Bengal Apartment Ownership act 1972,/edist/form-c,,Housing Department,0,F,1,FALSE, Form -C under West Bengal Apartment Ownership act 1972, Form -C under West Bengal Apartment Ownership act 1972, Form -C under West Bengal Apartment Ownership act 1972, Form -C under West Bengal Apartment Ownership act 1972,18,200,0,0,0,0,0,0,0
496,1,Search - Discover Your Eligible Schemes,Schemes,Search - Discover Your Eligible Schemes,https://bsk.wb.gov.in/cmo_citizen,,CMO Department,0,I,1,FALSE,Discover Your Eligible Schemes,Discover Your Eligible Schemes,Discover Your Eligible Schemes,Discover Your Eligible Schemes,0,200,0,0,0,0,0,0,1
497,1,Apply - Self Certification of Fire Safety,Fire,Apply - Self Certification of Fire Safety,/edist/self-certification-of-fire-safety,,Fire & Emergency Services Department,0,F,1,FALSE,Self Fire fafety certificate for citizen ,Self Fire fafety certificate for citizen ,Self Fire fafety certificate for citizen ,Self Fire fafety certificate for citizen ,0,200,0,0,0,0,0,0,1
498,0,Property Tax (HMC) ,Howrah Municipal Corporation (HMC),Property Tax (HMC) ,https://bsk.wb.gov.in/hmc_proptax,,Urban Development and Municipal Affairs Department,0,P,1,TRUE,Property Tax - Howrah Municipal Corporation,Property Tax - Howrah Municipal Corporation,Property Tax - Howrah Municipal Corporation,Property Tax - Howrah Municipal Corporation,18,200,0,0,0,0,0,0,0
499,0,Apply - Support for One Time Settlement (OTS) of NPA Accounts of PWCS,MSME - Handloom,Apply - Support for One Time Settlement (OTS) of NPA Accounts of PWCS,https://handloom.wb.gov.in/api/textile/bsk/receive-token,,"Micro, Small & Medium Enterprises and Textiles Department",0,F,1,FALSE,Apply - Support for One Time Settlement (OTS) of NPA Accounts of PWCS,Apply - Support for One Time Settlement (OTS) of NPA Accounts of PWCS,,,18,200,0,0,0,0,0,0,0
500,0,Apply - One-time financial assistance to viable & potentially viable PWCS ,MSME - Handloom,Apply - One-time financial assistance to viable & potentially viable PWCS ,https://handloom.wb.gov.in/api/textile/bsk/receive-token,,"Micro, Small & Medium Enterprises and Textiles Department",0,F,1,FALSE,Apply - One-time financial assistance to viable & potentially viable PWCS ,Apply - One-time financial assistance to viable & potentially viable PWCS ,,,18,200,0,0,0,0,0,0,0
501,0,Apply - One-time financial assistance to Individual Handloom Weavers,MSME - Handloom,Apply - One-time financial assistance to Individual Handloom Weavers,https://handloom.wb.gov.in/api/textile/bsk/receive-token,,"Micro, Small & Medium Enterprises and Textiles Department",0,F,1,FALSE,Apply - One-time financial assistance to Individual Handloom Weavers,Apply - One-time financial assistance to Individual Handloom Weavers,,,18,200,0,0,0,0,0,0,0
502,0,Apply - Bhabishyat Credit Card Scheme (WBBCCS),MSME - Bhabishyat Credit Card,Apply - Bhabishyat Credit Card Scheme (WBBCCS),https://bccs.wb.gov.in/account/sso/login/v1,,"Micro, Small & Medium Enterprises and Textiles Department",0,F,1,FALSE,Apply - Bhabishyat Credit Card Scheme (WBBCCS),Apply - Bhabishyat Credit Card Scheme (WBBCCS),Bhabishyat Credit Card Scheme (WBBCCS),Bhabishyat Credit Card Scheme (WBBCCS),18,200,0,0,0,0,0,0,0
503,0,Edit - Bhabishyat Credit Card Scheme (WBBCCS) ,MSME - Bhabishyat Credit Card,Edit - Bhabishyat Credit Card Scheme (WBBCCS) ,https://betabsk.wb.gov.in,,"Micro, Small & Medium Enterprises and Textiles Department",0,F,1,FALSE,MSME - Bhabishyat Credit Card,MSME - Bhabishyat Credit Card,MSME - Bhabishyat Credit Card,MSME - Bhabishyat Credit Card,18,200,0,0,0,0,0,0,0
504,1,Search - Bhabishyat Credit Card Scheme Status (WBBCCS),MSME - Bhabishyat Credit Card,MSME - Bhabishyat Credit Card,https://betabsk.wb.gov.in,,"Micro, Small & Medium Enterprises and Textiles Department",0,F,0,FALSE,Search - Bhabishyat Credit Card Scheme Status (WBBCCS),Search - Bhabishyat Credit Card Scheme Status (WBBCCS),Search - Bhabishyat Credit Card Scheme Status (WBBCCS),Search - Bhabishyat Credit Card Scheme Status (WBBCCS),18,200,0,0,0,0,0,0,1
505,1,Search - Bhabishyat Credit Card Scheme Status (WBBCCS),MSME - Bhabishyat Credit Card,Search - Bhabishyat Credit Card Scheme Status (WBBCCS),https://betabsk.wb.gov.in,,"Micro, Small & Medium Enterprises and Textiles Department",0,F,1,FALSE,Search - Bhabishyat Credit Card Scheme Status (WBBCCS),Search - Bhabishyat Credit Card Scheme Status (WBBCCS),Search - Bhabishyat Credit Card Scheme Status (WBBCCS),Search - Bhabishyat Credit Card Scheme Status (WBBCCS),18,200,0,0,0,0,0,0,1
506,0,Apply - New Trade License ,Howrah Municipal Corporation (HMC),Apply - New Trade License ,https://tl.myhmc.in/home.php?task=newlisense,,Urban Development and Municipal Affairs Department,0,F,1,FALSE,Apply - New Trade License ,Apply - New Trade License ,Apply - New Trade License ,Apply - New Trade License ,18,200,0,0,0,0,0,0,0
507,1, Apply - Renewal of Trade License,Howrah Municipal Corporation (HMC), Apply - Renewal of Trade License, https://tl.myhmc.in/home.php?task=renewal,,Urban Development and Municipal Affairs Department,0,P,1,TRUE, Apply - Renewal of Trade License, Apply - Renewal of Trade License, Apply - Renewal of Trade License, Apply - Renewal of Trade License,18,200,0,0,0,0,0,0,1
508,1,Search - View & Pay Demand,Howrah Municipal Corporation (HMC),Search - View & Pay Demand,https://tl.myhmc.in/home.php?task=viewdemand,,Urban Development and Municipal Affairs Department,0,F,1,FALSE,Search - View & Pay Demand,Search - View & Pay Demand,Search - View & Pay Demand,Search - View & Pay Demand,0,200,0,0,0,0,0,0,1
509,1,Search - Check License,Howrah Municipal Corporation (HMC),Search - Check License,https://tl.myhmc.in/home.php?task=viewlicense,,Urban Development and Municipal Affairs Department,0,F,1,FALSE,Search - Check License,Search - Check License,Search - Check License,Search - Check License,0,200,0,0,0,0,0,0,1
510,1,Print - Online License Reprint,Howrah Municipal Corporation (HMC),Print - Online License Reprint,https://tl.myhmc.in/home.php?task=onlineliscprint,,Urban Development and Municipal Affairs Department,0,F,1,FALSE,Print - Online License Reprint,Print - Online License Reprint,Print - Online License Reprint,Print - Online License Reprint,0,200,0,0,0,0,0,0,1
